0.000000 1.000000 0.010000 0.000000 
0.072166 0.036083 0.009970 -0.000871 
0.157469 0.042652 0.009834 -0.002396 
0.233798 0.038165 0.009578 -0.004420 
0.302620 0.034411 0.009188 -0.007015 
0.365181 0.031281 0.008651 -0.010256 
0.422464 0.028641 0.007954 -0.014217 
0.480381 0.028958 0.006983 -0.019507 
0.533165 0.026392 0.005793 -0.025797 
0.581719 0.024277 0.004366 -0.033177 
0.626675 0.022478 0.002688 -0.041729 
0.668536 0.020930 0.000741 -0.051536 
0.707704 0.019584 -0.001491 -0.062681 
0.744510 0.018403 -0.004024 -0.075247 
0.779227 0.017359 -0.006876 -0.089316 
0.812085 0.016429 -0.010063 -0.104971 
0.843278 0.015596 -0.013602 -0.122299 
0.872972 0.014847 -0.017512 -0.141382 
0.901311 0.014169 -0.021810 -0.162308 
0.928420 0.013555 -0.026515 -0.185165 
0.954411 0.012995 -0.031646 -0.210042 
0.979382 0.012485 -0.037223 -0.237035 
1.003420 0.012019 -0.043267 -0.266239 
1.026606 0.011593 -0.049800 -0.297757 
1.049013 0.011203 -0.056847 -0.331697 
1.070707 0.010847 -0.064433 -0.368175 
1.091752 0.010523 -0.072588 -0.407318 
1.112209 0.010228 -0.081345 -0.449265 
1.132134 0.009962 -0.090738 -0.494172 
1.151584 0.009725 -0.100812 -0.542215 
1.170616 0.009516 -0.111615 -0.593601 
1.189290 0.009337 -0.123208 -0.648572 
1.207668 0.009189 -0.135663 -0.707422 
1.225820 0.009076 -0.149071 -0.770517 
1.243826 0.009003 -0.163549 -0.838325 
1.261786 0.008980 -0.179256 -0.911470 
1.279830 0.009022 -0.196411 -0.990825 
1.298140 0.009155 -0.215341 -1.077689 
1.317010 0.009435 -0.236579 -1.174182 
1.336979 0.009984 -0.261115 -1.284281 
1.359357 0.011189 -0.291332 -1.417629 
1.384047 0.012345 -0.328283 -1.576946 
1.401137 0.008545 -0.356230 -1.694440 
1.415878 0.007370 -0.381983 -1.800204 
1.429103 0.006613 -0.406438 -1.898246 
1.442368 0.006632 -0.432284 -1.999171 
1.454521 0.006077 -0.457153 -2.093502 
1.465793 0.005636 -0.481249 -2.182155 
1.476388 0.005298 -0.504815 -2.266103 
1.486446 0.005029 -0.528009 -2.345938 
1.496065 0.004810 -0.550941 -2.422026 
1.505320 0.004627 -0.573693 -2.494599 
1.514270 0.004475 -0.596329 -2.563797 
1.522962 0.004346 -0.618902 -2.629701 
1.531439 0.004238 -0.641461 -2.692346 
1.539736 0.004148 -0.664046 -2.751728 
1.547885 0.004074 -0.686699 -2.807816 
1.555916 0.004015 -0.709461 -2.860548 
1.563857 0.003971 -0.732374 -2.909834 
1.571736 0.003940 -0.755484 -2.955561 
1.579582 0.003923 -0.778840 -2.997582 
1.587426 0.003922 -0.802503 -3.035717 
1.595299 0.003937 -0.826541 -3.069742 
1.603241 0.003971 -0.851042 -3.099383 
1.611299 0.004029 -0.876118 -3.124287 
1.619531 0.004116 -0.901921 -3.144003 
1.628017 0.004243 -0.928665 -3.157916 
1.636877 0.004430 -0.956680 -3.165150 
1.646306 0.004714 -0.986525 -3.164327 
1.656685 0.005190 -1.019318 -3.152938 
1.669050 0.006182 -1.058141 -3.124739 
1.681365 0.006157 -1.096364 -3.080783 
1.691339 0.004987 -1.126861 -3.033750 
1.700368 0.004515 -1.154028 -2.982616 
1.709465 0.004549 -1.180895 -2.923234 
1.717860 0.004198 -1.205181 -2.861811 
1.725788 0.003964 -1.227621 -2.798354 
1.733397 0.003805 -1.248667 -2.732847 
1.740780 0.003691 -1.268594 -2.665356 
1.747999 0.003610 -1.287586 -2.595973 
1.755102 0.003552 -1.305776 -2.524796 
1.762129 0.003513 -1.323261 -2.451921 
1.769110 0.003491 -1.340120 -2.377436 
1.776075 0.003482 -1.356413 -2.301423 
1.783048 0.003487 -1.372193 -2.223956 
1.790056 0.003504 -1.387502 -2.145098 
1.797122 0.003533 -1.402376 -2.064904 
1.804271 0.003575 -1.416847 -1.983415 
1.811531 0.003630 -1.430945 -1.900658 
1.818929 0.003699 -1.444695 -1.816647 
1.826498 0.003785 -1.458123 -1.731371 
1.834276 0.003889 -1.471253 -1.644796 
1.842309 0.004016 -1.484110 -1.556847 
1.850650 0.004171 -1.496722 -1.467402 
1.859372 0.004361 -1.509122 -1.376261 
1.868569 0.004599 -1.521350 -1.283102 
1.878377 0.004904 -1.533462 -1.187406 
1.888999 0.005311 -1.545546 -1.088284 
1.900788 0.005894 -1.557756 -0.984069 
1.914458 0.006835 -1.570428 -0.871061 
1.932168 0.008855 -1.584654 -0.737266 
1.948967 0.008400 -1.596069 -0.623283 
1.963241 0.007137 -1.604334 -0.535954 
1.977448 0.007104 -1.611383 -0.457251 
1.990777 0.006664 -1.617026 -0.390432 
2.003638 0.006431 -1.621667 -0.331965 
2.016292 0.006327 -1.625534 -0.279791 
2.028889 0.006298 -1.628758 -0.232733 
2.041528 0.006320 -1.631426 -0.190022 
2.054286 0.006379 -1.633599 -0.151106 
2.067226 0.006470 -1.635322 -0.115563 
2.080405 0.006589 -1.636627 -0.083057 
2.093875 0.006735 -1.637543 -0.053312 
2.107690 0.006907 -1.638089 -0.026095 
2.121902 0.007106 -1.638280 -0.001203 
2.136565 0.007332 -1.638128 0.021542 
2.151738 0.007587 -1.637642 0.042298 
2.167484 0.007873 -1.636824 0.061210 
2.183872 0.008194 -1.635678 0.078411 
2.200979 0.008553 -1.634201 0.094022 
2.218890 0.008956 -1.632388 0.108160 
2.237705 0.009407 -1.630230 0.120934 
2.257534 0.009915 -1.627716 0.132448 
2.278509 0.010487 -1.624827 0.142802 
2.300781 0.011136 -1.621541 0.152094 
2.324528 0.011874 -1.617828 0.160421 
2.349965 0.012718 -1.613650 0.167879 
2.377346 0.013691 -1.608960 0.174564 
2.406984 0.014819 -1.603695 0.180573 
2.439260 0.016138 -1.597777 0.186010 
2.474646 0.017693 -1.591105 0.190983 
2.513730 0.019542 -1.583548 0.195608 
2.557246 0.021758 -1.574939 0.200017 
2.606097 0.024425 -1.565060 0.204360 
2.661351 0.027627 -1.553644 0.208810 
2.724140 0.031394 -1.540383 0.213569 
2.795310 0.035585 -1.524995 0.218855 
2.874723 0.039706 -1.507379 0.224860 
2.960549 0.042913 -1.487790 0.231680 
3.049689 0.044570 -1.466802 0.239298 
3.139267 0.044789 -1.444997 0.247656 
3.227454 0.044093 -1.422763 0.256721 
3.313280 0.042913 -1.400316 0.266496 
3.396251 0.041486 -1.377775 0.277008 
3.476104 0.039926 -1.355211 0.288293 
3.552686 0.038291 -1.332677 0.300395 
3.625906 0.036610 -1.310214 0.313358 
3.695711 0.034903 -1.287864 0.327222 
3.762082 0.033185 -1.265662 0.342028 
3.825029 0.031474 -1.243644 0.357808 
3.884595 0.029783 -1.221838 0.374596 
3.940850 0.028128 -1.200272 0.392417 
3.993894 0.026522 -1.178963 0.411297 
4.043849 0.024978 -1.157926 0.431258 
4.090857 0.023504 -1.137166 0.452323 
4.135072 0.022108 -1.116683 0.474514 
4.176658 0.020793 -1.096471 0.497854 
4.215781 0.019561 -1.076521 0.522369 
4.252605 0.018412 -1.056818 0.548085 
4.287293 0.017344 -1.037345 0.575031 
4.319998 0.016352 -1.018084 0.603239 
4.350866 0.015434 -0.999013 0.632742 
4.380034 0.014584 -0.980114 0.663575 
4.407629 0.013798 -0.961364 0.695777 
4.433769 0.013070 -0.942742 0.729386 
4.458564 0.012397 -0.924227 0.764443 
4.482113 0.011775 -0.905800 0.800993 
4.504508 0.011198 -0.887440 0.839078 
4.525834 0.010663 -0.869128 0.878747 
4.546168 0.010167 -0.850844 0.920046 
4.565580 0.009706 -0.832571 0.963027 
4.584137 0.009278 -0.814290 1.007740 
4.601897 0.008880 -0.795984 1.054241 
4.618916 0.008509 -0.777635 1.102584 
4.635244 0.008164 -0.759226 1.152830 
4.650928 0.007842 -0.740740 1.205037 
4.666011 0.007542 -0.722159 1.259272 
4.680533 0.007261 -0.703467 1.315600 
4.694531 0.006999 -0.684645 1.374093 
4.708039 0.006754 -0.665677 1.434826 
4.721090 0.006526 -0.646543 1.497876 
4.733714 0.006312 -0.627225 1.563330 
4.745938 0.006112 -0.607703 1.631276 
4.757790 0.005926 -0.587955 1.701813 
4.769294 0.005752 -0.567960 1.775044 
4.780474 0.005590 -0.547693 1.851084 
4.791353 0.005440 -0.527129 1.930058 
4.801954 0.005300 -0.506238 2.012103 
4.812296 0.005171 -0.484990 2.097372 
4.822402 0.005053 -0.463351 2.186036 
4.832291 0.004945 -0.441279 2.278288 
4.841985 0.004847 -0.418731 2.374351 
4.851505 0.004760 -0.395654 2.474479 
4.860873 0.004684 -0.371987 2.578975 
4.870113 0.004620 -0.347657 2.688196 
4.879251 0.004569 -0.322575 2.802580 
4.888315 0.004532 -0.296631 2.922668 
4.897341 0.004513 -0.269683 3.049152 
4.906372 0.004515 -0.241547 3.182943 
4.915464 0.004546 -0.211966 3.325294 
4.924695 0.004616 -0.180570 3.478027 
4.934186 0.004745 -0.146778 3.643994 
4.944146 0.004980 -0.109573 3.828214 
4.955022 0.005438 -0.066787 4.041399 
4.968283 0.006631 -0.011371 4.318478 
4.978184 0.004950 0.032464 4.537469 
4.986420 0.004118 0.070611 4.727240 
4.993703 0.003642 0.105673 4.900517 
5.000336 0.003316 0.138710 5.062397 
5.006985 0.003325 0.172922 5.228240 
5.013133 0.003074 0.205541 5.384308 
5.018871 0.002869 0.236859 5.531945 
5.024284 0.002707 0.267186 5.672564 
5.029432 0.002574 0.296735 5.807092 
5.034358 0.002463 0.325658 5.936148 
5.039094 0.002368 0.354068 6.060163 
5.043668 0.002287 0.382055 6.179441 
5.048099 0.002216 0.409691 6.294198 
5.052405 0.002153 0.437038 6.404582 
5.056603 0.002099 0.464145 6.510694 
5.060705 0.002051 0.491059 6.612594 
5.064722 0.002009 0.517821 6.710311 
5.068665 0.001972 0.544467 6.803845 
5.072544 0.001939 0.571032 6.893172 
5.076367 0.001912 0.597549 6.978247 
5.080143 0.001888 0.624052 7.059003 
5.083880 0.001868 0.650573 7.135352 
5.087585 0.001853 0.677146 7.207186 
5.091267 0.001841 0.703804 7.274374 
5.094933 0.001833 0.730586 7.336761 
5.098591 0.001829 0.757533 7.394165 
5.102251 0.001830 0.784689 7.446373 
5.105921 0.001835 0.812107 7.493131 
5.109613 0.001846 0.839848 7.534141 
5.113339 0.001863 0.867985 7.569044 
5.117113 0.001887 0.896608 7.597405 
5.120954 0.001921 0.925832 7.618682 
5.124885 0.001966 0.955811 7.632182 
5.128938 0.002026 0.986755 7.636985 
5.133158 0.002110 1.018975 7.631808 
5.137617 0.002230 1.052971 7.614717 
5.142443 0.002413 1.089646 7.582435 
5.147921 0.002739 1.131041 7.528120 
5.155122 0.003600 1.184903 7.427903 
5.160229 0.002554 1.222614 7.337068 
5.164853 0.002312 1.256319 7.240949 
5.169091 0.002119 1.286801 7.141534 
5.173349 0.002129 1.316979 7.031131 
5.177325 0.001988 1.344712 6.918901 
5.181099 0.001887 1.370608 6.804596 
5.184725 0.001813 1.395072 6.687993 
5.188239 0.001757 1.418368 6.569034 
5.191667 0.001714 1.440677 6.447735 
5.195027 0.001680 1.462134 6.324144 
5.198334 0.001654 1.482840 6.198326 
5.201600 0.001633 1.502879 6.070355 
5.204837 0.001618 1.522314 5.940302 
5.208052 0.001608 1.541202 5.808242 
5.211254 0.001601 1.559587 5.674242 
5.214451 0.001598 1.577509 5.538367 
5.217649 0.001599 1.595003 5.400677 
5.220856 0.001603 1.612098 5.261225 
5.224078 0.001611 1.628822 5.120056 
5.227321 0.001622 1.645198 4.977209 
5.230594 0.001636 1.661249 4.832712 
5.233902 0.001654 1.676995 4.686582 
5.237254 0.001676 1.692457 4.538825 
5.240658 0.001702 1.707652 4.389431 
5.244123 0.001733 1.722601 4.238368 
5.247660 0.001768 1.737321 4.085585 
5.251281 0.001810 1.751833 3.930998 
5.254999 0.001859 1.766157 3.774483 
5.258831 0.001916 1.780318 3.615863 
5.262799 0.001984 1.794343 3.454887 
5.266927 0.002064 1.808266 3.291198 
5.271249 0.002161 1.822130 3.124279 
5.275812 0.002281 1.835993 2.953362 
5.280681 0.002435 1.849943 2.777252 
5.285959 0.002639 1.864114 2.593962 
5.291824 0.002933 1.878757 2.399807 
5.298657 0.003417 1.894420 2.186509 
5.307706 0.004524 1.913010 1.925413 
5.315471 0.003882 1.927156 1.720496 
5.322094 0.003312 1.938013 1.559259 
5.328688 0.003297 1.947799 1.410682 
5.334858 0.003085 1.956102 1.281980 
5.340770 0.002956 1.963340 1.167598 
5.346537 0.002883 1.969772 1.064045 
5.352223 0.002843 1.975550 0.969297 
5.357870 0.002823 1.980775 0.882032 
5.363507 0.002819 1.985518 0.801305 
5.369159 0.002826 1.989833 0.726402 
5.374846 0.002843 1.993764 0.656762 
5.380583 0.002869 1.997344 0.591927 
5.386388 0.002902 2.000603 0.531514 
5.392273 0.002943 2.003563 0.475200 
5.398253 0.002990 2.006246 0.422703 
5.404341 0.003044 2.008669 0.373775 
5.410552 0.003105 2.010847 0.328196 
5.416898 0.003173 2.012794 0.285769 
5.423394 0.003248 2.014521 0.246313 
5.430056 0.003331 2.016038 0.209663 
5.436899 0.003422 2.017355 0.175667 
5.443941 0.003521 2.018480 0.144183 
5.451200 0.003629 2.019419 0.115079 
5.458695 0.003748 2.020180 0.088228 
5.466450 0.003877 2.020767 0.063514 
5.474488 0.004019 2.021184 0.040824 
5.482837 0.004174 2.021437 0.020049 
5.491527 0.004345 2.021528 0.001088 
5.500591 0.004532 2.021458 -0.016160 
5.510068 0.004739 2.021229 -0.031790 
5.520002 0.004967 2.020842 -0.045896 
5.530444 0.005221 2.020295 -0.058568 
5.541452 0.005504 2.019587 -0.069894 
5.553094 0.005821 2.018713 -0.079960 
5.565450 0.006178 2.017669 -0.088853 
5.578616 0.006583 2.016447 -0.096653 
5.592705 0.007045 2.015036 -0.103445 
5.607858 0.007576 2.013423 -0.109308 
5.624246 0.008194 2.011589 -0.114324 
5.642083 0.008918 2.009511 -0.118572 
5.661641 0.009779 2.007156 -0.122132 
5.683274 0.010817 2.004480 -0.125084 
5.707451 0.012088 2.001426 -0.127510 
5.734810 0.013680 1.997909 -0.129491 
5.766250 0.015720 1.993811 -0.131113 
5.803079 0.018415 1.988957 -0.132468 
5.847294 0.022108 1.983072 -0.133656 
5.902084 0.027395 1.975717 -0.134797 
5.972730 0.035323 1.966150 -0.136045 
6.067549 0.047409 1.953176 -0.137611 
6.193423 0.062937 1.935723 -0.139703 
6.337645 0.072111 1.915396 -0.142209 
6.483087 0.072721 1.894520 -0.144882 
6.626739 0.071826 1.873508 -0.147683 
6.768079 0.070670 1.852430 -0.150614 
6.907037 0.069479 1.831290 -0.153682 
7.043591 0.068277 1.810087 -0.156897 
7.177727 0.067068 1.788817 -0.160270 
7.309432 0.065853 1.767478 -0.163813 
7.438691 0.064629 1.746066 -0.167541 
7.565486 0.063398 1.724576 -0.171467 
7.689797 0.062156 1.703006 -0.175608 
7.811603 0.060903 1.681353 -0.179983 
7.930878 0.059637 1.659613 -0.184610 
8.047592 0.058357 1.637784 -0.189511 
8.161713 0.057061 1.615863 -0.194712 
8.273204 0.055746 1.593851 -0.200237 
8.382024 0.054410 1.571745 -0.206116 
8.488126 0.053051 1.549548 -0.212381 
8.591458 0.051666 1.527261 -0.219066 
8.691964 0.050253 1.504889 -0.226208 
8.789582 0.048809 1.482440 -0.233848 
8.884243 0.047331 1.459922 -0.242028 
8.975877 0.045817 1.437348 -0.250794 
9.064409 0.044266 1.414735 -0.260194 
9.149764 0.042678 1.392102 -0.270275 
9.231869 0.041052 1.369474 -0.281089 
9.310656 0.039394 1.346878 -0.292683 
9.386068 0.037706 1.324345 -0.305105 
9.458060 0.035996 1.301908 -0.318401 
9.526610 0.034275 1.279603 -0.332613 
9.591716 0.032553 1.257461 -0.347778 
9.653406 0.030845 1.235516 -0.363930 
9.711735 0.029164 1.213796 -0.381099 
9.766786 0.027525 1.192322 -0.399311 
9.818668 0.025941 1.171113 -0.418590 
9.867510 0.024421 1.150178 -0.438959 
9.913462 0.022976 1.129521 -0.460440 
9.956681 0.021609 1.109139 -0.483055 
9.997332 0.020326 1.089026 -0.506829 
10.035582 0.019125 1.069170 -0.531787 
10.071594 0.018006 1.049554 -0.557957 
10.105527 0.016967 1.030162 -0.585368 
10.137532 0.016003 1.010974 -0.614053 
10.167753 0.015110 0.991970 -0.644046 
10.196321 0.014284 0.973128 -0.675384 
10.223363 0.013521 0.954428 -0.708104 
10.248991 0.012814 0.935849 -0.742246 
10.273311 0.012160 0.917369 -0.777853 
10.296421 0.011555 0.898969 -0.814968 
10.318409 0.010994 0.880629 -0.853636 
10.339358 0.010474 0.862330 -0.893905 
10.359341 0.009992 0.844052 -0.935824 
10.378428 0.009544 0.825778 -0.979442 
10.396682 0.009127 0.807490 -1.024814 
10.414160 0.008739 0.789170 -1.071993 
10.430917 0.008378 0.770800 -1.121036 
10.447000 0.008042 0.752365 -1.172004 
10.462456 0.007728 0.733845 -1.224957 
10.477326 0.007435 0.715225 -1.279962 
10.491649 0.007162 0.696487 -1.337087 
10.505461 0.006906 0.677613 -1.396403 
10.518796 0.006667 0.658585 -1.457987 
10.531685 0.006444 0.639385 -1.521921 
10.544157 0.006236 0.619994 -1.588290 
10.556239 0.006041 0.600390 -1.657188 
10.567959 0.005860 0.580553 -1.728713 
10.579340 0.005690 0.560460 -1.802975 
10.590405 0.005533 0.540085 -1.880090 
10.601178 0.005386 0.519403 -1.960189 
10.611680 0.005251 0.498384 -2.043414 
10.621932 0.005126 0.476995 -2.129923 
10.631955 0.005011 0.455199 -2.219897 
10.641770 0.004907 0.432956 -2.313538 
10.651397 0.004813 0.410218 -2.411080 
10.660858 0.004730 0.386929 -2.512794 
10.670175 0.004659 0.363025 -2.619000 
10.679374 0.004599 0.338427 -2.730085 
10.688480 0.004553 0.313039 -2.846519 
10.697526 0.004523 0.286740 -2.968894 
10.706548 0.004511 0.259376 -3.097973 
10.715594 0.004523 0.230737 -3.234775 
10.724727 0.004566 0.200533 -3.380732 
10.734037 0.004655 0.168330 -3.537971 
10.743671 0.004817 0.133425 -3.709955 
10.753896 0.005113 0.094509 -3.903146 
10.765359 0.005732 0.048459 -4.132985 
10.779861 0.007251 -0.013712 -4.443853 
10.788613 0.004376 -0.053466 -4.642064 
10.796287 0.003837 -0.089779 -4.822120 
10.803194 0.003453 -0.123659 -4.988823 
10.810123 0.003465 -0.158820 -5.160116 
10.816479 0.003178 -0.192124 -5.320365 
10.822376 0.002948 -0.223942 -5.471318 
10.827916 0.002770 -0.254651 -5.614726 
10.833169 0.002626 -0.284503 -5.751703 
10.838183 0.002507 -0.313671 -5.882978 
10.842995 0.002406 -0.342283 -6.009052 
10.847633 0.002319 -0.370436 -6.130274 
10.852121 0.002244 -0.398211 -6.246893 
10.856478 0.002178 -0.425672 -6.359085 
10.860719 0.002121 -0.452873 -6.466968 
10.864859 0.002070 -0.479862 -6.570619 
10.868911 0.002026 -0.506683 -6.670078 
10.872883 0.001986 -0.533372 -6.765356 
10.876788 0.001952 -0.559967 -6.856441 
10.880633 0.001923 -0.586500 -6.943295 
10.884428 0.001897 -0.613006 -7.025861 
10.888180 0.001876 -0.639515 -7.104058 
10.891898 0.001859 -0.666062 -7.177789 
10.895588 0.001845 -0.692680 -7.246930 
10.899260 0.001836 -0.719406 -7.311339 
10.902920 0.001830 -0.746279 -7.370844 
10.906578 0.001829 -0.773342 -7.425246 
10.910243 0.001832 -0.800644 -7.474309 
10.913924 0.001841 -0.828242 -7.517754 
10.917634 0.001855 -0.856204 -7.555251 
10.921386 0.001876 -0.884612 -7.586398 
10.925197 0.001905 -0.913570 -7.610702 
10.929087 0.001945 -0.943212 -7.627540 
10.933085 0.001999 -0.973723 -7.636099 
10.937228 0.002072 -1.005364 -7.635270 
10.941577 0.002174 -1.038541 -7.623441 
10.946228 0.002326 -1.073946 -7.598031 
10.951379 0.002576 -1.112978 -7.554182 
10.957584 0.003102 -1.159626 -7.479168 
10.963388 0.002902 -1.202775 -7.387008 
10.968288 0.002450 -1.238746 -7.292836 
10.972713 0.002212 -1.270802 -7.195199 
10.977170 0.002228 -1.302628 -7.085125 
10.981275 0.002053 -1.331487 -6.973708 
10.985138 0.001932 -1.358213 -6.860454 
10.988831 0.001846 -1.383334 -6.744983 
10.992396 0.001783 -1.407172 -6.627171 
10.995863 0.001734 -1.429941 -6.507006 
10.999254 0.001695 -1.451798 -6.384522 
11.002585 0.001666 -1.472858 -6.259779 
11.005869 0.001642 -1.493212 -6.132846 
11.009119 0.001625 -1.512933 -6.003796 
11.012344 0.001612 -1.532081 -5.872704 
11.015551 0.001604 -1.550705 -5.739639 
11.018750 0.001599 -1.568848 -5.604668 
11.021946 0.001598 -1.586546 -5.467854 
11.025148 0.001601 -1.603832 -5.329253 
11.028362 0.001607 -1.620733 -5.188913 
11.031594 0.001616 -1.637275 -5.046878 
11.034852 0.001629 -1.653481 -4.903181 
11.038141 0.001645 -1.669373 -4.757844 
11.041471 0.001665 -1.684971 -4.610879 
11.044849 0.001689 -1.700294 -4.462283 
11.048283 0.001717 -1.715360 -4.312037 
11.051784 0.001750 -1.730189 -4.160100 
11.055362 0.001789 -1.744800 -4.006403 
11.059031 0.001834 -1.759213 -3.850844 
11.062805 0.001887 -1.773450 -3.693274 
11.066704 0.001949 -1.787537 -3.533481 
11.070751 0.002023 -1.801505 -3.371165 
11.074974 0.002111 -1.815391 -3.205894 
11.079413 0.002220 -1.829246 -3.037039 
11.084123 0.002355 -1.843141 -2.863641 
11.089185 0.002531 -1.857182 -2.684166 
11.094735 0.002775 -1.871553 -2.495931 
11.101027 0.003146 -1.886615 -2.293530 
11.108701 0.003837 -1.903321 -2.062591 
11.118003 0.004651 -1.921299 -1.806018 
11.125006 0.003502 -1.933323 -1.629346 
11.131939 0.003466 -1.944054 -1.467913 
11.138278 0.003169 -1.952922 -1.331566 
11.144277 0.003000 -1.960548 -1.211967 
11.150093 0.002908 -1.967281 -1.104376 
11.155805 0.002856 -1.973307 -1.006289 
11.161464 0.002829 -1.978743 -0.916157 
11.167102 0.002819 -1.983671 -0.832907 
11.172745 0.002822 -1.988152 -0.755746 
11.178416 0.002835 -1.992233 -0.684058 
11.184131 0.002858 -1.995949 -0.617347 
11.189907 0.002888 -1.999334 -0.555205 
11.195758 0.002926 -2.002411 -0.497285 
11.201698 0.002970 -2.005203 -0.443290 
11.207742 0.003022 -2.007728 -0.392960 
11.213902 0.003080 -2.010003 -0.346065 
11.220192 0.003145 -2.012041 -0.302398 
11.226626 0.003217 -2.013854 -0.261772 
11.233220 0.003297 -2.015454 -0.224017 
11.239989 0.003384 -2.016850 -0.188976 
11.246949 0.003480 -2.018051 -0.156502 
11.254118 0.003585 -2.019064 -0.126460 
11.261516 0.003699 -2.019896 -0.098721 
11.269165 0.003824 -2.020551 -0.073165 
11.277086 0.003961 -2.021037 -0.049677 
11.285307 0.004110 -2.021355 -0.028148 
11.293856 0.004275 -2.021510 -0.008472 
11.302766 0.004455 -2.021504 0.009451 
11.312073 0.004653 -2.021339 0.025717 
11.321818 0.004873 -2.021016 0.040423 
11.332050 0.005116 -2.020533 0.053658 
11.342824 0.005387 -2.019890 0.065513 
11.354203 0.005689 -2.019083 0.076074 
11.366262 0.006030 -2.018108 0.085426 
11.379091 0.006414 -2.016958 0.093654 
11.392796 0.006852 -2.015624 0.100840 
11.407504 0.007354 -2.014094 0.107066 
11.423374 0.007935 -2.012351 0.112411 
11.440601 0.008614 -2.010374 0.116957 
11.459433 0.009416 -2.008134 0.120784 
11.480186 0.010377 -2.005593 0.123970 
11.503278 0.011546 -2.002699 0.126596 
11.529272 0.012997 -1.999379 0.128745 
11.558947 0.014838 -1.995532 0.130501 
11.593425 0.017239 -1.991006 0.131951 
11.634381 0.020478 -1.985576 0.133193 
11.684443 0.025031 -1.978878 0.134337 
11.747919 0.031738 -1.970313 0.135520 
11.831887 0.041984 -1.958874 0.136929 
11.945312 0.056713 -1.943237 0.138798 
12.085082 0.069885 -1.923672 0.141178 
12.230857 0.072887 -1.902903 0.143795 
12.375322 0.072232 -1.881933 0.146546 
12.517608 0.071143 -1.860879 0.149424 
12.657523 0.069958 -1.839764 0.152436 
12.795042 0.068759 -1.818586 0.155591 
12.930148 0.067553 -1.797344 0.158899 
13.062828 0.066340 -1.776033 0.162373 
13.193069 0.065120 -1.754650 0.166025 
13.320853 0.063892 -1.733192 0.169870 
13.446161 0.062654 -1.711655 0.173923 
13.568974 0.061406 -1.690035 0.178202 
13.689265 0.060146 -1.668330 0.182725 
13.807008 0.058872 -1.646537 0.187514 
13.922172 0.057582 -1.624653 0.192592 
14.034721 0.056275 -1.602678 0.197984 
14.144616 0.054947 -1.580609 0.203717 
14.251812 0.053598 -1.558448 0.209824 
14.356260 0.052224 -1.536197 0.216336 
14.457906 0.050823 -1.513859 0.223290 
14.556688 0.049391 -1.491439 0.230726 
14.652541 0.047927 -1.468947 0.238684 
14.745397 0.046428 -1.446394 0.247210 
14.835180 0.044892 -1.423794 0.256350 
14.921817 0.043318 -1.401167 0.266153 
15.005232 0.041708 -1.378534 0.276667 
15.085355 0.040062 -1.355921 0.287943 
15.162124 0.038385 -1.333359 0.300028 
15.235490 0.036683 -1.310880 0.312969 
15.305420 0.034965 -1.288518 0.326809 
15.371903 0.033242 -1.266307 0.341588 
15.434957 0.031527 -1.244280 0.357341 
15.494623 0.029833 -1.222466 0.374099 
15.550975 0.028176 -1.200891 0.391890 
15.604112 0.026568 -1.179574 0.410739 
15.654155 0.025021 -1.158529 0.430669 
15.701246 0.023545 -1.137760 0.451702 
15.745539 0.022147 -1.117269 0.473860 
15.787199 0.020830 -1.097050 0.497167 
15.826390 0.019596 -1.077092 0.521648 
15.863279 0.018444 -1.057382 0.547329 
15.898026 0.017374 -1.037903 0.574239 
15.930786 0.016380 -1.018635 0.602410 
15.961705 0.015459 -0.999560 0.631875 
15.990920 0.014607 -0.980656 0.662670 
16.018558 0.013819 -0.961902 0.694831 
16.044739 0.013090 -0.943276 0.728399 
16.069571 0.012416 -0.924759 0.763414 
16.093155 0.011792 -0.906330 0.799920 
16.115582 0.011214 -0.887968 0.837961 
16.136938 0.010678 -0.869655 0.877583 
16.157299 0.010181 -0.851371 0.918835 
16.176737 0.009719 -0.833097 0.961766 
16.195317 0.009290 -0.814817 1.006429 
16.213099 0.008891 -0.796512 1.052878 
16.230139 0.008520 -0.778164 1.101167 
16.246486 0.008174 -0.759757 1.151357 
16.262188 0.007851 -0.741273 1.203507 
16.277288 0.007550 -0.722695 1.257683 
16.291825 0.007269 -0.704006 1.313950 
16.305838 0.007006 -0.685189 1.372380 
16.319360 0.006761 -0.666225 1.433046 
16.332424 0.006532 -0.647097 1.496029 
16.345059 0.006318 -0.627784 1.561412 
16.357295 0.006118 -0.608268 1.629286 
16.369157 0.005931 -0.588527 1.699746 
16.380670 0.005757 -0.568539 1.772898 
16.391860 0.005595 -0.548280 1.848856 
16.402747 0.005444 -0.527725 1.927744 
16.413355 0.005304 -0.506844 2.009698 
16.423705 0.005175 -0.485607 2.094872 
16.433817 0.005056 -0.463979 2.183436 
16.443712 0.004948 -0.441921 2.275582 
16.453412 0.004850 -0.419387 2.371531 
16.462937 0.004762 -0.396326 2.471539 
16.472309 0.004686 -0.372677 2.575904 
16.481552 0.004622 -0.348367 2.684984 
16.490692 0.004570 -0.323308 2.799212 
16.499758 0.004533 -0.297391 2.919127 
16.508784 0.004513 -0.270475 3.045416 
16.517815 0.004515 -0.242375 3.178981 
16.526904 0.004544 -0.212841 3.321064 
16.536129 0.004613 -0.181503 3.473464 
16.545610 0.004741 -0.147792 3.638995 
16.555552 0.004971 -0.110707 3.822583 
16.566391 0.005419 -0.068135 4.034667 
16.579529 0.006569 -0.013342 4.308617 
16.589547 0.005009 0.030924 4.529791 
16.597828 0.004140 0.069220 4.720340 
16.605142 0.003657 0.104376 4.894132 
16.611795 0.003327 0.137477 5.056387 
16.618466 0.003336 0.171762 5.222653 
16.624630 0.003082 0.204434 5.379051 
16.630380 0.002875 0.235792 5.526953 
16.635804 0.002712 0.266149 5.667798 
16.640960 0.002578 0.295722 5.802525 
16.645893 0.002466 0.324664 5.931763 
16.650636 0.002371 0.353091 6.055947 
16.655214 0.002289 0.381091 6.175385 
16.659650 0.002218 0.408739 6.290296 
16.663961 0.002155 0.436094 6.400829 
16.668162 0.002101 0.463209 6.507088 
16.672267 0.002052 0.490129 6.609134 
16.676287 0.002010 0.516895 6.706996 
16.680233 0.001973 0.543545 6.800675 
16.684114 0.001940 0.570112 6.890149 
16.687939 0.001913 0.596631 6.975372 
16.691716 0.001889 0.623134 7.056278 
16.695454 0.001869 0.649653 7.132782 
16.699160 0.001853 0.676223 7.204774 
16.702843 0.001841 0.702878 7.272126 
16.706509 0.001833 0.729656 7.334682 
16.710167 0.001829 0.756596 7.392263 
16.713827 0.001830 0.783744 7.444654 
16.717497 0.001835 0.811152 7.491606 
16.721187 0.001845 0.838880 7.532820 
16.724912 0.001862 0.867002 7.567943 
16.728684 0.001886 0.895606 7.596539 
16.732522 0.001919 0.924808 7.618072 
16.736450 0.001964 0.954757 7.631855 
16.740498 0.002024 0.985663 7.636978 
16.744711 0.002107 1.017833 7.632175 
16.749160 0.002225 1.051755 7.615540 
16.753970 0.002405 1.088313 7.583866 
16.759417 0.002723 1.129481 7.530520 
16.766504 0.003543 1.182518 7.433070 
16.771641 0.002569 1.220474 7.342690 
16.776293 0.002326 1.254414 7.246766 
16.780550 0.002129 1.285057 7.147550 
16.784828 0.002139 1.315401 7.037205 
16.788817 0.001995 1.343252 6.925076 
16.792600 0.001892 1.369235 6.810891 
16.796233 0.001817 1.393770 6.694416 
16.799753 0.001760 1.417124 6.575586 
16.803185 0.001716 1.439483 6.454413 
16.806548 0.001682 1.460983 6.330945 
16.809857 0.001655 1.481729 6.205248 
16.813126 0.001634 1.501801 6.077392 
16.816363 0.001619 1.521268 5.947451 
16.819580 0.001608 1.540185 5.815498 
16.822782 0.001601 1.558596 5.681602 
16.825979 0.001598 1.576543 5.545828 
16.829177 0.001599 1.594059 5.408236 
16.832383 0.001603 1.611175 5.268878 
16.835604 0.001610 1.627919 5.127802 
16.838846 0.001621 1.644313 4.985046 
16.842117 0.001635 1.660381 4.840638 
16.845423 0.001653 1.676143 4.694597 
16.848773 0.001675 1.691620 4.546929 
16.852174 0.001700 1.706830 4.397624 
16.855635 0.001731 1.721791 4.246654 
16.859168 0.001766 1.736524 4.093967 
16.862784 0.001808 1.751046 3.939481 
16.866496 0.001856 1.765380 3.783075 
16.870322 0.001913 1.779550 3.624576 
16.874281 0.001980 1.793581 3.463736 
16.878400 0.002059 1.807509 3.300207 
16.882710 0.002155 1.821374 3.133481 
16.887258 0.002274 1.835236 2.962808 
16.892108 0.002425 1.849177 2.787022 
16.897360 0.002626 1.863332 2.604197 
16.903187 0.002913 1.877939 2.410783 
16.909950 0.003382 1.893521 2.198917 
16.918794 0.004422 1.911820 1.942408 
16.926690 0.003948 1.926321 1.732756 
16.933359 0.003334 1.937327 1.569547 
16.939995 0.003318 1.947239 1.419262 
16.946188 0.003096 1.955623 1.289480 
16.952112 0.002962 1.962918 1.174333 
16.957886 0.002887 1.969395 1.070179 
16.963576 0.002845 1.975210 0.974930 
16.969224 0.002824 1.980466 0.887232 
16.974861 0.002819 1.985237 0.806123 
16.980512 0.002825 1.989578 0.730878 
16.986196 0.002842 1.993531 0.660926 
16.991929 0.002867 1.997132 0.595805 
16.997729 0.002900 2.000410 0.535129 
17.003609 0.002940 2.003388 0.478570 
17.009583 0.002987 2.006088 0.425844 
17.015664 0.003041 2.008527 0.376702 
17.021866 0.003101 2.010719 0.330922 
17.028204 0.003169 2.012680 0.288306 
17.034691 0.003243 2.014420 0.248671 
17.041342 0.003326 2.015950 0.211852 
17.048173 0.003416 2.017279 0.177696 
17.055202 0.003514 2.018415 0.146060 
17.062447 0.003622 2.019366 0.116812 
17.069927 0.003740 2.020138 0.089826 
17.077665 0.003869 2.020735 0.064983 
17.085685 0.004010 2.021163 0.042171 
17.094014 0.004164 2.021426 0.021281 
17.102682 0.004334 2.021527 0.002210 
17.111721 0.004520 2.021467 -0.015141 
17.121172 0.004725 2.021248 -0.030869 
17.131077 0.004952 2.020871 -0.045066 
17.141485 0.005204 2.020334 -0.057824 
17.152456 0.005485 2.019636 -0.069231 
17.164057 0.005800 2.018772 -0.079373 
17.176366 0.006155 2.017739 -0.088335 
17.189479 0.006556 2.016528 -0.096201 
17.203507 0.007014 2.015129 -0.103052 
17.218590 0.007541 2.013529 -0.108971 
17.234896 0.008153 2.011709 -0.114037 
17.252635 0.008870 2.009647 -0.118330 
17.272078 0.009721 2.007310 -0.121930 
17.293570 0.010746 2.004656 -0.124918 
17.317573 0.012002 2.001627 -0.127374 
17.344713 0.013570 1.998142 -0.129380 
17.375868 0.015577 1.994085 -0.131022 
17.412315 0.018224 1.989283 -0.132390 
17.455996 0.021841 1.983473 -0.133585 
17.510005 0.027005 1.976227 -0.134725 
17.579462 0.034728 1.966826 -0.135961 
17.672504 0.046521 1.954104 -0.137500 
17.796548 0.062022 1.936921 -0.139558 
17.940318 0.071885 1.916679 -0.142048 
18.085837 0.072760 1.895816 -0.144713 
18.229621 0.071892 1.874810 -0.147506 
18.371108 0.070743 1.853735 -0.150429 
18.510214 0.069553 1.832599 -0.153488 
18.646917 0.068351 1.811400 -0.156694 
18.781203 0.067143 1.790135 -0.160056 
18.913059 0.065928 1.768800 -0.163589 
19.042469 0.064705 1.747392 -0.167305 
19.169417 0.063474 1.725908 -0.171218 
19.293883 0.062233 1.704343 -0.175346 
19.415845 0.060981 1.682695 -0.179705 
19.535277 0.059716 1.660960 -0.184316 
19.652150 0.058437 1.639137 -0.189200 
19.766433 0.057141 1.617222 -0.194381 
19.878088 0.055828 1.595215 -0.199885 
19.987074 0.054493 1.573115 -0.205742 
20.093345 0.053136 1.550923 -0.211982 
20.196851 0.051753 1.528642 -0.218640 
20.297534 0.050341 1.506276 -0.225752 
20.395332 0.048899 1.483831 -0.233360 
20.490178 0.047423 1.461316 -0.241506 
20.582001 0.045912 1.438746 -0.250234 
20.670727 0.044363 1.416134 -0.259593 
20.756281 0.042777 1.393502 -0.269631 
20.838589 0.041154 1.370873 -0.280398 
20.917583 0.039497 1.348274 -0.291942 
20.993205 0.037811 1.325736 -0.304312 
21.065410 0.036102 1.303293 -0.317553 
21.134172 0.034381 1.280978 -0.331707 
21.199491 0.032659 1.258825 -0.346811 
21.261391 0.030950 1.236868 -0.362901 
21.319926 0.029267 1.215132 -0.380007 
21.375177 0.027625 1.193643 -0.398153 
21.427251 0.026037 1.172417 -0.417366 
21.476278 0.024513 1.151465 -0.437667 
21.522403 0.023063 1.130790 -0.459078 
21.565787 0.021692 1.110392 -0.481623 
21.606592 0.020403 1.090263 -0.505324 
21.644985 0.019197 1.070391 -0.530208 
21.681131 0.018073 1.050761 -0.556302 
21.715188 0.017029 1.031355 -0.583636 
21.747309 0.016060 1.012155 -0.612241 
21.777635 0.015163 0.993140 -0.642152 
21.806303 0.014334 0.974289 -0.673406 
21.833435 0.013566 0.955581 -0.706039 
21.859147 0.012856 0.936995 -0.740092 
21.883546 0.012199 0.918510 -0.775607 
21.906728 0.011591 0.900105 -0.812628 
21.928783 0.011028 0.881762 -0.851199 
21.949794 0.010505 0.863461 -0.891367 
21.969835 0.010021 0.845182 -0.933182 
21.988975 0.009570 0.826909 -0.976694 
22.007279 0.009152 0.808622 -1.021955 
22.024804 0.008762 0.790304 -1.069021 
22.041603 0.008400 0.771938 -1.117947 
22.057727 0.008062 0.753507 -1.168794 
22.073220 0.007747 0.734993 -1.221623 
22.088125 0.007453 0.716380 -1.276499 
22.102481 0.007178 0.697650 -1.333490 
22.116324 0.006921 0.678785 -1.392669 
22.129687 0.006682 0.659767 -1.454111 
22.142603 0.006458 0.640578 -1.517897 
22.155099 0.006248 0.621199 -1.584113 
22.167206 0.006053 0.601609 -1.652851 
22.178947 0.005871 0.581787 -1.724211 
22.190348 0.005701 0.561710 -1.798300 
22.201433 0.005542 0.541354 -1.875235 
22.212223 0.005395 0.520692 -1.955145 
22.222741 0.005259 0.499694 -2.038172 
22.233008 0.005133 0.478329 -2.124474 
22.243044 0.005018 0.456560 -2.214228 
22.252871 0.004913 0.434346 -2.307635 
22.262509 0.004819 0.411640 -2.404928 
22.271980 0.004735 0.388387 -2.506375 
22.281305 0.004663 0.364523 -2.612294 
22.290510 0.004603 0.339970 -2.723064 
22.299622 0.004556 0.314634 -2.839152 
22.308670 0.004524 0.288396 -2.961139 
22.317693 0.004511 0.261103 -3.089776 
22.326736 0.004521 0.232550 -3.226065 
22.335861 0.004563 0.202454 -3.371403 
22.345157 0.004648 0.170391 -3.527862 
22.354764 0.004804 0.135682 -3.698792 
22.364941 0.005088 0.097074 -3.890375 
22.376291 0.005675 0.051641 -4.117076 
22.390804 0.007257 -0.010340 -4.427009 
22.399660 0.004428 -0.050429 -4.626956 
22.407410 0.003875 -0.086986 -4.808318 
22.414368 0.003479 -0.121026 -4.975923 
22.421351 0.003491 -0.156369 -5.148240 
22.427745 0.003197 -0.189801 -5.309257 
22.433670 0.002963 -0.221710 -5.460807 
22.439234 0.002782 -0.252489 -5.604712 
22.444505 0.002636 -0.282396 -5.742120 
22.449535 0.002515 -0.311608 -5.873784 
22.454360 0.002413 -0.340256 -6.000215 
22.459010 0.002325 -0.368440 -6.121774 
22.463508 0.002249 -0.396239 -6.238716 
22.467874 0.002183 -0.423720 -6.351219 
22.472123 0.002125 -0.450938 -6.459407 
22.476270 0.002074 -0.477941 -6.563358 
22.480327 0.002029 -0.504772 -6.663116 
22.484305 0.001989 -0.531470 -6.758693 
22.488214 0.001955 -0.558070 -6.850078 
22.492064 0.001925 -0.584607 -6.937236 
22.495862 0.001899 -0.611113 -7.020110 
22.499617 0.001877 -0.637621 -7.098623 
22.503336 0.001860 -0.664164 -7.172676 
22.507028 0.001846 -0.690776 -7.242150 
22.510701 0.001836 -0.717493 -7.306902 
22.514362 0.001830 -0.744354 -7.366763 
22.518020 0.001829 -0.771402 -7.421537 
22.521683 0.001832 -0.798685 -7.470989 
22.525363 0.001840 -0.826260 -7.514846 
22.529071 0.001854 -0.854194 -7.552780 
22.532820 0.001874 -0.882567 -7.584396 
22.536625 0.001903 -0.911481 -7.609207 
22.540509 0.001942 -0.941069 -7.626602 
22.544498 0.001994 -0.971511 -7.635784 
22.548629 0.002066 -1.003060 -7.635672 
22.552960 0.002165 -1.036109 -7.624698 
22.557585 0.002312 -1.071321 -7.600378 
22.562690 0.002552 -1.110016 -7.558105 
22.568779 0.003044 -1.155823 -7.486229 
22.574731 0.002976 -1.200115 -7.393340 
22.579669 0.002469 -1.236395 -7.299484 
22.584121 0.002226 -1.268679 -7.202075 
22.588607 0.002243 -1.300746 -7.092004 
22.592731 0.002062 -1.329764 -6.980676 
22.596607 0.001938 -1.356605 -6.867550 
22.600308 0.001851 -1.381814 -6.752222 
22.603880 0.001786 -1.405724 -6.634557 
22.607353 0.001736 -1.428555 -6.514537 
22.610748 0.001697 -1.450465 -6.392195 
22.614082 0.001667 -1.471571 -6.267591 
22.617369 0.001644 -1.491967 -6.140791 
22.620621 0.001626 -1.511726 -6.011871 
22.623847 0.001613 -1.530908 -5.880903 
22.627055 0.001604 -1.549563 -5.747959 
22.630254 0.001599 -1.567735 -5.613105 
22.633451 0.001598 -1.585460 -5.476403 
22.636652 0.001601 -1.602770 -5.337912 
22.639865 0.001606 -1.619694 -5.197679 
22.643095 0.001615 -1.636258 -5.055748 
22.646351 0.001628 -1.652484 -4.912153 
22.649639 0.001644 -1.668395 -4.766918 
22.652966 0.001664 -1.684011 -4.620054 
22.656340 0.001687 -1.699350 -4.471560 
22.659771 0.001715 -1.714432 -4.321417 
22.663267 0.001748 -1.729275 -4.169586 
22.666840 0.001787 -1.743898 -4.016001 
22.670503 0.001831 -1.758323 -3.860561 
22.674270 0.001884 -1.772570 -3.703122 
22.678161 0.001945 -1.786666 -3.543475 
22.682197 0.002018 -1.800640 -3.381326 
22.686408 0.002105 -1.814530 -3.216255 
22.690833 0.002212 -1.828386 -3.047645 
22.695524 0.002346 -1.842275 -2.874567 
22.700562 0.002519 -1.856303 -2.695531 
22.706075 0.002757 -1.870646 -2.507956 
22.712309 0.003117 -1.885647 -2.306695 
22.719859 0.003775 -1.902193 -2.078405 
22.729451 0.004796 -1.920839 -1.812701 
22.736495 0.003522 -1.932974 -1.634543 
22.743459 0.003482 -1.943785 -1.472004 
22.749812 0.003176 -1.952697 -1.335062 
22.755818 0.003003 -1.960352 -1.215080 
22.761637 0.002910 -1.967106 -1.107199 
22.767352 0.002857 -1.973150 -1.008874 
22.773011 0.002830 -1.978601 -0.918539 
22.778649 0.002819 -1.983542 -0.835111 
22.784293 0.002822 -1.988035 -0.757792 
22.789962 0.002835 -1.992126 -0.685960 
22.795676 0.002857 -1.995852 -0.619119 
22.801450 0.002887 -1.999245 -0.556856 
22.807299 0.002924 -2.002331 -0.498824 
22.813237 0.002969 -2.005130 -0.444725 
22.819277 0.003020 -2.007663 -0.394297 
22.825433 0.003078 -2.009944 -0.347310 
22.831720 0.003143 -2.011988 -0.303557 
22.838150 0.003215 -2.013808 -0.262850 
22.844739 0.003295 -2.015413 -0.225018 
22.851503 0.003382 -2.016815 -0.189904 
22.858457 0.003477 -2.018021 -0.157362 
22.865621 0.003582 -2.019039 -0.127254 
22.873012 0.003696 -2.019875 -0.099454 
22.880653 0.003821 -2.020536 -0.073839 
22.888567 0.003957 -2.021026 -0.050296 
22.896780 0.004106 -2.021349 -0.028714 
22.905319 0.004270 -2.021508 -0.008989 
22.914219 0.004450 -2.021507 0.008980 
22.923514 0.004648 -2.021346 0.025291 
22.933247 0.004866 -2.021027 0.040039 
22.943465 0.005109 -2.020549 0.053313 
22.954223 0.005379 -2.019910 0.065205 
22.965584 0.005681 -2.019108 0.075800 
22.977624 0.006020 -2.018137 0.085185 
22.990430 0.006403 -2.016992 0.093442 
23.004109 0.006839 -2.015664 0.100656 
23.018788 0.007339 -2.014139 0.106907 
23.034623 0.007918 -2.012402 0.112276 
23.051810 0.008593 -2.010432 0.116842 
23.070593 0.009392 -2.008200 0.120687 
23.091289 0.010348 -2.005668 0.123890 
23.114310 0.011511 -2.002784 0.126531 
23.140215 0.012952 -1.999477 0.128692 
23.169776 0.014781 -1.995646 0.130457 
23.204102 0.017163 -1.991142 0.131915 
23.244850 0.020374 -1.985740 0.133161 
23.294615 0.024882 -1.979084 0.134305 
23.357642 0.031514 -1.970581 0.135485 
23.440923 0.041641 -1.959239 0.136886 
23.553466 0.056271 -1.943730 0.138739 
23.692787 0.069661 -1.924237 0.141108 
23.838563 0.072888 -1.903478 0.143722 
23.983080 0.072258 -1.882511 0.146469 
24.125431 0.071176 -1.861459 0.149344 
24.265411 0.069990 -1.840345 0.152352 
24.402996 0.068792 -1.819170 0.155502 
24.538169 0.067586 -1.797929 0.158806 
24.670916 0.066374 -1.776620 0.162275 
24.801224 0.065154 -1.755239 0.165922 
24.929075 0.063926 -1.733783 0.169761 
25.054452 0.062689 -1.712248 0.173808 
25.177334 0.061441 -1.690631 0.178081 
25.297695 0.060181 -1.668928 0.182597 
25.415509 0.058907 -1.647138 0.187378 
25.530744 0.057618 -1.625256 0.192448 
25.643365 0.056311 -1.603283 0.197831 
25.753334 0.054984 -1.581217 0.203555 
25.860605 0.053636 -1.559059 0.209651 
25.965129 0.052262 -1.536810 0.216151 
26.066853 0.050862 -1.514474 0.223093 
26.165714 0.049431 -1.492057 0.230515 
26.261649 0.047968 -1.469567 0.238458 
26.354588 0.046469 -1.447015 0.246968 
26.444457 0.044934 -1.424417 0.256090 
26.531181 0.043362 -1.401789 0.265874 
26.614686 0.041752 -1.379156 0.276368 
26.694901 0.040107 -1.356543 0.287622 
26.771763 0.038431 -1.333979 0.299684 
26.845223 0.036730 -1.311497 0.312601 
26.915247 0.035012 -1.289131 0.326416 
26.981826 0.033289 -1.266915 0.341168 
27.044973 0.031574 -1.244883 0.356894 
27.104732 0.029879 -1.223063 0.373624 
27.161174 0.028221 -1.201481 0.391387 
27.214397 0.026612 -1.180157 0.410206 
27.264523 0.025063 -1.159104 0.430106 
27.311693 0.023585 -1.138328 0.451109 
27.356062 0.022184 -1.117829 0.473235 
27.397792 0.020865 -1.097602 0.496510 
27.437049 0.019629 -1.077638 0.520958 
27.473999 0.018475 -1.057921 0.546606 
27.508803 0.017402 -1.038436 0.573482 
27.541615 0.016406 -1.019163 0.601618 
27.572583 0.015484 -1.000082 0.631047 
27.601843 0.014630 -0.981174 0.661805 
27.629523 0.013840 -0.962416 0.693928 
27.655743 0.013110 -0.943787 0.727457 
27.680610 0.012434 -0.925267 0.762431 
27.704227 0.011808 -0.906836 0.798896 
27.726685 0.011229 -0.888472 0.836893 
27.748069 0.010692 -0.870158 0.876472 
27.768456 0.010194 -0.851873 0.917678 
27.787919 0.009731 -0.833600 0.960562 
27.806522 0.009302 -0.815320 1.005177 
27.824326 0.008902 -0.797016 1.051575 
27.841385 0.008530 -0.778670 1.099814 
27.857750 0.008183 -0.760264 1.149950 
27.873469 0.007860 -0.741783 1.202046 
27.888585 0.007558 -0.723208 1.256165 
27.903138 0.007276 -0.704522 1.312374 
27.917164 0.007013 -0.685709 1.370743 
27.930699 0.006768 -0.666749 1.431347 
27.943775 0.006538 -0.647625 1.494265 
27.956422 0.006323 -0.628318 1.559581 
27.968668 0.006123 -0.608808 1.627384 
27.980540 0.005936 -0.589073 1.697772 
27.992063 0.005761 -0.569092 1.770849 
28.003261 0.005599 -0.548842 1.846728 
28.014157 0.005448 -0.528295 1.925533 
28.024772 0.005308 -0.507423 2.007402 
28.035128 0.005178 -0.486197 2.092485 
28.045247 0.005059 -0.464580 2.180952 
28.055148 0.004951 -0.442534 2.272997 
28.064853 0.004852 -0.420014 2.368839 
28.074382 0.004765 -0.396968 2.468731 
28.083758 0.004688 -0.373336 2.572971 
28.093004 0.004623 -0.349045 2.681916 
28.102147 0.004571 -0.324009 2.795997 
28.111214 0.004534 -0.298116 2.915747 
28.120241 0.004514 -0.271230 3.041849 
28.129271 0.004515 -0.243166 3.175199 
28.138357 0.004543 -0.213675 3.317027 
28.147578 0.004610 -0.182394 3.469112 
28.157050 0.004736 -0.148758 3.634230 
28.166975 0.004963 -0.111786 3.817221 
28.177778 0.005402 -0.069416 4.028272 
28.190804 0.006513 -0.015193 4.299363 
28.200937 0.005066 0.029497 4.522672 
28.209260 0.004162 0.067932 4.713948 
28.216601 0.003671 0.103176 4.888222 
28.223275 0.003337 0.136337 5.050828 
28.229966 0.003346 0.170690 5.217488 
28.236145 0.003089 0.203412 5.374193 
28.241907 0.002881 0.234806 5.522341 
28.247340 0.002716 0.265192 5.663395 
28.252504 0.002582 0.294787 5.798306 
28.257444 0.002470 0.323748 5.927712 
28.262192 0.002374 0.352189 6.052053 
28.266775 0.002292 0.380202 6.171639 
28.271215 0.002220 0.407860 6.286691 
28.275530 0.002157 0.435224 6.397363 
28.279735 0.002102 0.462346 6.503758 
28.283842 0.002054 0.489271 6.605937 
28.287865 0.002011 0.516042 6.703933 
28.291813 0.001974 0.542694 6.797746 
28.295696 0.001941 0.569264 6.887354 
28.299522 0.001913 0.595783 6.972714 
28.303301 0.001889 0.622286 7.053760 
28.307040 0.001870 0.648805 7.130406 
28.310747 0.001854 0.675373 7.202544 
28.314430 0.001841 0.702025 7.270047 
28.318097 0.001833 0.728797 7.332759 
28.321756 0.001829 0.755731 7.390502 
28.325415 0.001830 0.782872 7.443063 
28.329084 0.001835 0.810271 7.490192 
28.332774 0.001845 0.837988 7.531596 
28.336497 0.001862 0.866096 7.566919 
28.340268 0.001885 0.894683 7.595731 
28.344104 0.001918 0.923864 7.617500 
28.348028 0.001962 0.953786 7.631543 
28.352071 0.002022 0.984658 7.636961 
28.356278 0.002104 1.016780 7.632499 
28.360718 0.002220 1.050636 7.616282 
28.365514 0.002398 1.087089 7.585163 
28.370932 0.002709 1.128053 7.532692 
28.377921 0.003494 1.180378 7.437645 
28.383108 0.002594 1.218730 7.347231 
28.387784 0.002338 1.252862 7.251469 
28.392057 0.002136 1.283638 7.152414 
28.396351 0.002147 1.314119 7.042113 
28.400351 0.002000 1.342066 6.930064 
28.404142 0.001895 1.368122 6.815976 
28.407781 0.001819 1.392714 6.699605 
28.411305 0.001762 1.416116 6.580878 
28.414740 0.001718 1.438516 6.459808 
28.418106 0.001683 1.460051 6.336440 
28.421417 0.001656 1.480828 6.210839 
28.424687 0.001635 1.500929 6.083077 
28.427926 0.001619 1.520422 5.953227 
28.431143 0.001608 1.539361 5.821361 
28.434346 0.001602 1.557794 5.687550 
28.437543 0.001598 1.575760 5.551857 
28.440741 0.001599 1.593295 5.414344 
28.443947 0.001603 1.610428 5.275063 
28.447167 0.001610 1.627187 5.134062 
28.450408 0.001621 1.643597 4.991379 
28.453677 0.001635 1.659679 4.847043 
28.456982 0.001652 1.675454 4.701075 
28.460329 0.001674 1.690943 4.553479 
28.463727 0.001699 1.706164 4.404246 
28.467186 0.001729 1.721136 4.253351 
28.470716 0.001765 1.735878 4.100741 
28.474327 0.001806 1.750410 3.946336 
28.478035 0.001854 1.764752 3.790018 
28.481855 0.001910 1.778928 3.631615 
28.485808 0.001976 1.792965 3.470886 
28.489919 0.002055 1.806896 3.307484 
28.494221 0.002151 1.820763 3.140913 
28.498757 0.002268 1.834623 2.970434 
28.503592 0.002418 1.848559 2.794908 
28.508823 0.002616 1.862701 2.612451 
28.514619 0.002898 1.877280 2.419619 
28.521328 0.003354 1.892799 2.208867 
28.530018 0.004345 1.910882 1.955767 
28.538026 0.004004 1.925679 1.742162 
28.544731 0.003353 1.936803 1.577398 
28.551402 0.003335 1.946814 1.425775 
28.557612 0.003105 1.955259 1.295159 
28.563546 0.002967 1.962598 1.179427 
28.569325 0.002890 1.969109 1.074816 
28.575017 0.002846 1.974952 0.979187 
28.580666 0.002825 1.980233 0.891161 
28.586304 0.002819 1.985025 0.809763 
28.591953 0.002825 1.989385 0.734258 
28.597635 0.002841 1.993355 0.664071 
28.603366 0.002866 1.996972 0.598735 
28.609163 0.002898 2.000264 0.537860 
28.615038 0.002938 2.003256 0.481116 
28.621008 0.002985 2.005968 0.428217 
28.627084 0.003038 2.008419 0.378913 
28.633280 0.003098 2.010623 0.332981 
28.639611 0.003165 2.012594 0.290221 
28.646090 0.003240 2.014344 0.250451 
28.652734 0.003322 2.015883 0.213505 
28.659556 0.003411 2.017222 0.179228 
28.666576 0.003510 2.018367 0.147479 
28.673810 0.003617 2.019326 0.118122 
28.681279 0.003734 2.020106 0.091034 
28.689004 0.003863 2.020711 0.066093 
28.697011 0.004003 2.021147 0.043189 
28.705324 0.004157 2.021418 0.022212 
28.713975 0.004325 2.021526 0.003059 
28.722997 0.004511 2.021473 -0.014370 
28.732427 0.004715 2.021262 -0.030171 
28.742310 0.004941 2.020892 -0.044438 
28.752694 0.005192 2.020362 -0.057261 
28.763638 0.005472 2.019672 -0.068728 
28.775207 0.005785 2.018816 -0.078928 
28.787481 0.006137 2.017791 -0.087943 
28.800554 0.006536 2.016588 -0.095858 
28.814537 0.006992 2.015198 -0.102755 
28.829567 0.007515 2.013608 -0.108715 
28.845812 0.008122 2.011799 -0.113819 
28.863479 0.008834 2.009749 -0.118146 
28.882836 0.009678 2.007426 -0.121777 
28.904224 0.010694 2.004788 -0.124791 
28.928097 0.011937 2.001778 -0.127270 
28.955074 0.013488 1.998316 -0.129295 
28.986017 0.015472 1.994288 -0.130952 
29.022181 0.018082 1.989527 -0.132331 
29.065469 0.021644 1.983771 -0.133532 
29.118904 0.026718 1.976605 -0.134671 
29.187486 0.034291 1.967326 -0.135898 
29.279214 0.045864 1.954790 -0.137418 
29.401851 0.061318 1.937814 -0.139450 
29.545229 0.071689 1.917644 -0.141927 
29.690802 0.072787 1.896791 -0.144586 
29.834684 0.071941 1.875790 -0.147374 
29.976281 0.070799 1.854718 -0.150290 
30.115499 0.069609 1.833584 -0.153342 
30.252314 0.068407 1.812388 -0.156541 
30.386713 0.067199 1.791126 -0.159896 
30.518682 0.065985 1.769795 -0.163421 
30.648207 0.064762 1.748390 -0.167128 
30.775270 0.063532 1.726909 -0.171031 
30.899852 0.062291 1.705348 -0.175149 
31.021930 0.061039 1.683704 -0.179497 
31.141480 0.059775 1.661974 -0.184095 
31.258474 0.058497 1.640154 -0.188966 
31.372877 0.057202 1.618244 -0.194133 
31.484656 0.055889 1.596241 -0.199622 
31.593767 0.054556 1.574146 -0.205461 
31.700166 0.053199 1.551958 -0.211683 
31.803801 0.051818 1.529681 -0.218320 
31.904617 0.050408 1.507318 -0.225411 
32.002551 0.048967 1.484877 -0.232994 
32.097536 0.047493 1.462365 -0.241114 
32.189501 0.045983 1.439797 -0.249814 
32.278373 0.044436 1.417187 -0.259143 
32.364076 0.042852 1.394555 -0.269148 
32.446537 0.041230 1.371925 -0.279880 
32.525687 0.039575 1.349324 -0.291387 
32.601466 0.037890 1.326783 -0.303717 
32.673831 0.036182 1.304335 -0.316917 
32.742754 0.034462 1.282013 -0.331027 
32.808233 0.032739 1.259852 -0.346087 
32.870291 0.031029 1.237885 -0.362130 
32.928981 0.029345 1.216138 -0.379188 
32.984382 0.027701 1.194637 -0.397285 
33.036601 0.026110 1.173399 -0.416448 
33.085767 0.024583 1.152433 -0.436698 
33.132024 0.023129 1.131746 -0.458057 
33.175531 0.021754 1.111335 -0.480548 
33.216453 0.020461 1.091194 -0.504195 
33.254955 0.019251 1.071310 -0.529024 
33.291201 0.018123 1.051669 -0.555061 
33.325352 0.017075 1.032254 -0.582336 
33.357560 0.016104 1.013045 -0.610881 
33.387967 0.015204 0.994021 -0.640731 
33.416709 0.014371 0.975163 -0.671921 
33.443910 0.013601 0.956449 -0.704489 
33.469686 0.012888 0.937857 -0.738475 
33.494143 0.012229 0.919368 -0.773922 
33.517380 0.011618 0.900960 -0.810871 
33.539486 0.011053 0.882615 -0.849369 
33.560543 0.010529 0.864312 -0.889462 
33.580627 0.010042 0.846033 -0.931199 
33.599809 0.009591 0.827759 -0.974631 
33.618150 0.009171 0.809473 -1.019810 
33.635710 0.008780 0.791158 -1.066790 
33.652542 0.008416 0.772794 -1.115628 
33.668696 0.008077 0.754367 -1.166384 
33.684217 0.007761 0.735857 -1.219120 
33.699149 0.007466 0.717249 -1.273899 
33.713530 0.007190 0.698524 -1.330790 
33.727395 0.006933 0.679666 -1.389865 
33.740780 0.006692 0.660656 -1.451200 
33.753716 0.006468 0.641475 -1.514875 
33.766232 0.006258 0.622105 -1.580976 
33.778355 0.006062 0.602526 -1.649595 
33.790113 0.005879 0.582715 -1.720830 
33.801530 0.005708 0.562651 -1.794790 
33.812628 0.005549 0.542308 -1.871590 
33.823432 0.005402 0.521661 -1.951359 
33.833962 0.005265 0.500679 -2.034237 
33.844241 0.005139 0.479332 -2.120383 
33.854287 0.005023 0.457582 -2.209972 
33.864123 0.004918 0.435390 -2.303204 
33.873770 0.004823 0.412708 -2.400311 
33.883247 0.004739 0.389482 -2.501558 
33.892579 0.004666 0.365648 -2.607260 
33.901789 0.004605 0.341129 -2.717795 
33.910905 0.004558 0.315832 -2.833624 
33.919955 0.004525 0.289639 -2.955321 
33.928978 0.004511 0.262399 -3.083629 
33.938019 0.004520 0.233911 -3.219535 
33.947138 0.004560 0.203894 -3.364412 
33.956424 0.004643 0.171935 -3.520293 
33.966012 0.004794 0.137371 -3.690445 
33.976153 0.005070 0.098988 -3.880850 
33.987423 0.005635 0.053997 -4.105300 
34.001944 0.007261 -0.007844 -4.414538 
34.010893 0.004474 -0.048246 -4.616097 
34.018698 0.003902 -0.084984 -4.798415 
34.025694 0.003498 -0.119140 -4.966679 
34.032715 0.003510 -0.154616 -5.139743 
34.039137 0.003211 -0.188141 -5.301318 
34.045084 0.002973 -0.220118 -5.453299 
34.050663 0.002790 -0.250947 -5.597560 
34.055948 0.002642 -0.280894 -5.735278 
34.060989 0.002520 -0.310138 -5.867220 
34.065824 0.002417 -0.338811 -5.993908 
34.070482 0.002329 -0.367017 -6.115708 
34.074988 0.002253 -0.394834 -6.232879 
34.079360 0.002186 -0.422330 -6.345605 
34.083614 0.002127 -0.449560 -6.454010 
34.087766 0.002076 -0.476573 -6.558175 
34.091828 0.002031 -0.503412 -6.658145 
34.095810 0.001991 -0.530116 -6.753935 
34.099722 0.001956 -0.556720 -6.845534 
34.103574 0.001926 -0.583259 -6.932908 
34.107375 0.001900 -0.609766 -7.016002 
34.111132 0.001878 -0.636273 -7.094738 
34.114853 0.001861 -0.662813 -7.169021 
34.118546 0.001847 -0.689421 -7.238731 
34.122219 0.001837 -0.716132 -7.303727 
34.125881 0.001831 -0.742984 -7.363841 
34.129539 0.001829 -0.770021 -7.418879 
34.133202 0.001832 -0.797291 -7.468608 
34.136881 0.001839 -0.824850 -7.512757 
34.140587 0.001853 -0.852764 -7.551001 
34.144333 0.001873 -0.881112 -7.582948 
34.148135 0.001901 -0.909996 -7.608119 
34.152014 0.001940 -0.939546 -7.625909 
34.155997 0.001991 -0.969939 -7.635532 
34.160120 0.002062 -1.001424 -7.635924 
34.164439 0.002159 -1.034384 -7.625552 
34.169046 0.002303 -1.069462 -7.601995 
34.174119 0.002536 -1.107927 -7.560813 
34.180130 0.003006 -1.153179 -7.491038 
34.186195 0.003032 -1.198335 -7.397530 
34.191158 0.002481 -1.234818 -7.303904 
34.195628 0.002235 -1.267256 -7.206647 
34.200135 0.002253 -1.299490 -7.096572 
34.204271 0.002068 -1.328615 -6.985300 
34.208156 0.001942 -1.355533 -6.872259 
34.211864 0.001854 -1.380802 -6.757026 
34.215440 0.001788 -1.404761 -6.639458 
34.218916 0.001738 -1.427632 -6.519535 
34.222314 0.001699 -1.449578 -6.397288 
34.225651 0.001668 -1.470715 -6.272775 
34.228940 0.001645 -1.491139 -6.146065 
34.232192 0.001626 -1.510923 -6.017231 
34.235419 0.001613 -1.530127 -5.886346 
34.238628 0.001604 -1.548804 -5.753481 
34.241827 0.001600 -1.566994 -5.618705 
34.245024 0.001598 -1.584737 -5.482078 
34.248225 0.001600 -1.602064 -5.343659 
34.251437 0.001606 -1.619003 -5.203498 
34.254667 0.001615 -1.635582 -5.061636 
34.257921 0.001627 -1.651822 -4.918109 
34.261208 0.001643 -1.667745 -4.772941 
34.264533 0.001663 -1.683372 -4.626144 
34.267905 0.001686 -1.698722 -4.477718 
34.271333 0.001714 -1.713814 -4.327644 
34.274826 0.001747 -1.728667 -4.175883 
34.278396 0.001785 -1.743299 -4.022372 
34.282055 0.001829 -1.757732 -3.867012 
34.285818 0.001881 -1.771986 -3.709658 
34.289703 0.001943 -1.786087 -3.550107 
34.293733 0.002015 -1.800066 -3.388069 
34.297936 0.002102 -1.813959 -3.223129 
34.302350 0.002207 -1.827814 -3.054681 
34.307029 0.002339 -1.841700 -2.881811 
34.312050 0.002511 -1.855720 -2.703062 
34.317541 0.002745 -1.870045 -2.515914 
34.323737 0.003098 -1.885007 -2.315387 
34.331209 0.003736 -1.901454 -2.088759 
34.341015 0.004903 -1.920582 -1.816433 
34.348083 0.003534 -1.932782 -1.637388 
34.355065 0.003491 -1.943639 -1.474226 
34.361426 0.003180 -1.952575 -1.336958 
34.367435 0.003005 -1.960245 -1.216767 
34.373257 0.002911 -1.967011 -1.108728 
34.378973 0.002858 -1.973065 -1.010274 
34.384632 0.002830 -1.978524 -0.919829 
34.390271 0.002819 -1.983473 -0.836305 
34.395914 0.002822 -1.987972 -0.758900 
34.401583 0.002834 -1.992068 -0.686990 
34.407296 0.002856 -1.995800 -0.620078 
34.413069 0.002886 -1.999197 -0.557750 
34.418916 0.002924 -2.002287 -0.499657 
34.424853 0.002968 -2.005091 -0.445502 
34.430891 0.003019 -2.007627 -0.395021 
34.437046 0.003077 -2.009912 -0.347985 
34.443330 0.003142 -2.011960 -0.304185 
34.449758 0.003214 -2.013782 -0.263434 
34.456345 0.003293 -2.015391 -0.225560 
34.463106 0.003380 -2.016796 -0.190407 
34.470057 0.003476 -2.018005 -0.157827 
34.477218 0.003580 -2.019025 -0.127685 
34.484606 0.003694 -2.019864 -0.099851 
34.492243 0.003819 -2.020528 -0.074205 
34.500152 0.003955 -2.021020 -0.050632 
34.508360 0.004104 -2.021345 -0.029021 
34.516895 0.004267 -2.021507 -0.009269 
34.525788 0.004447 -2.021509 0.008726 
34.535078 0.004645 -2.021350 0.025061 
34.544804 0.004863 -2.021033 0.039830 
34.555014 0.005105 -2.020557 0.053126 
34.565763 0.005375 -2.019921 0.065038 
34.577115 0.005676 -2.019121 0.075651 
34.589144 0.006014 -2.018153 0.085053 
34.601938 0.006397 -2.017011 0.093327 
34.615603 0.006832 -2.015685 0.100556 
34.630266 0.007331 -2.014163 0.106820 
34.646083 0.007909 -2.012430 0.112202 
34.663249 0.008583 -2.010463 0.116780 
34.682006 0.009379 -2.008236 0.120635 
34.702670 0.010332 -2.005708 0.123847 
34.725653 0.011492 -2.002830 0.126495 
34.751510 0.012928 -1.999530 0.128663 
34.781010 0.014750 -1.995708 0.130433 
34.815255 0.017122 -1.991215 0.131895 
34.855891 0.020318 -1.985829 0.133143 
34.905496 0.024802 -1.979195 0.134288 
34.968283 0.031394 -1.970726 0.135467 
35.051196 0.041456 -1.959435 0.136862 
35.163262 0.056033 -1.943995 0.138707 
35.302332 0.069535 -1.924542 0.141070 
35.448107 0.072887 -1.903789 0.143682 
35.592651 0.072272 -1.882824 0.146427 
35.735037 0.071193 -1.861773 0.149300 
35.875053 0.070008 -1.840660 0.152306 
36.012674 0.068810 -1.819485 0.155454 
36.147882 0.067604 -1.798246 0.158756 
36.280665 0.066392 -1.776938 0.162222 
36.411010 0.065172 -1.755558 0.165867 
36.538898 0.063944 -1.734103 0.169703 
36.664312 0.062707 -1.712569 0.173747 
36.787231 0.061459 -1.690953 0.178015 
36.907629 0.060199 -1.669252 0.182528 
37.025481 0.058926 -1.647462 0.187305 
37.140755 0.057637 -1.625583 0.192370 
37.253416 0.056330 -1.603611 0.197748 
37.363424 0.055004 -1.581546 0.203467 
37.470736 0.053656 -1.559389 0.209557 
37.575301 0.052283 -1.537142 0.216051 
37.677067 0.050883 -1.514807 0.222986 
37.775972 0.049452 -1.492391 0.230400 
37.871951 0.047990 -1.469902 0.238336 
37.964934 0.046492 -1.447351 0.246837 
38.054850 0.044958 -1.424753 0.255950 
38.141621 0.043386 -1.402126 0.265723 
38.225174 0.041777 -1.379493 0.276206 
38.305438 0.040132 -1.356879 0.287449 
38.382351 0.038456 -1.334314 0.299499 
38.455862 0.036755 -1.311831 0.312402 
38.525937 0.035038 -1.289463 0.326204 
38.592567 0.033315 -1.267245 0.340942 
38.655765 0.031599 -1.245209 0.356653 
38.715574 0.029904 -1.223386 0.373368 
38.772065 0.028245 -1.201801 0.391115 
38.825335 0.026635 -1.180473 0.409919 
38.875506 0.025086 -1.159415 0.429802 
38.922719 0.023607 -1.138635 0.450788 
38.967128 0.022205 -1.118132 0.472898 
39.008896 0.020884 -1.097901 0.496156 
39.048189 0.019646 -1.077933 0.520586 
39.085172 0.018492 -1.058213 0.546215 
39.120007 0.017417 -1.038724 0.573073 
39.152848 0.016420 -1.019448 0.601190 
39.183842 0.015497 -1.000365 0.630599 
39.213126 0.014642 -0.981454 0.661337 
39.240829 0.013852 -0.962694 0.693440 
39.267069 0.013120 -0.944063 0.726947 
39.291956 0.012444 -0.925542 0.761900 
39.315591 0.011817 -0.907109 0.798342 
39.338066 0.011237 -0.888745 0.836317 
39.359465 0.010700 -0.870430 0.875871 
39.379867 0.010201 -0.852145 0.917053 
39.399343 0.009738 -0.833872 0.959912 
39.417958 0.009308 -0.815592 1.004500 
39.435773 0.008907 -0.797288 1.050872 
39.452843 0.008535 -0.778943 1.099082 
39.469218 0.008188 -0.760539 1.149190 
39.484947 0.007864 -0.742058 1.201256 
39.500071 0.007562 -0.723485 1.255345 
39.514632 0.007280 -0.704801 1.311522 
39.528666 0.007017 -0.685990 1.369858 
39.542208 0.006771 -0.667032 1.430428 
39.555291 0.006541 -0.647911 1.493311 
39.567944 0.006327 -0.628607 1.558591 
39.580196 0.006126 -0.609100 1.626357 
39.592073 0.005939 -0.589369 1.696706 
39.603601 0.005764 -0.569392 1.769742 
39.614803 0.005601 -0.549145 1.845578 
39.625703 0.005450 -0.528603 1.924339 
39.636323 0.005310 -0.507736 2.006160 
39.646683 0.005180 -0.486515 2.091194 
39.656805 0.005061 -0.464904 2.179610 
39.666709 0.004952 -0.442865 2.271600 
39.676416 0.004854 -0.420352 2.367384 
39.685948 0.004766 -0.397315 2.467213 
39.695326 0.004689 -0.373692 2.571387 
39.704574 0.004624 -0.349412 2.680259 
39.713718 0.004572 -0.324387 2.794259 
39.722786 0.004534 -0.298508 2.913921 
39.731814 0.004514 -0.271638 3.039922 
39.740843 0.004514 -0.243594 3.173157 
39.749928 0.004543 -0.214126 3.314847 
39.759146 0.004609 -0.182875 3.466763 
39.768613 0.004733 -0.149280 3.631658 
39.778529 0.004958 -0.112369 3.814330 
39.789314 0.005392 -0.070105 4.024831 
39.802281 0.006484 -0.016180 4.294424 
39.812477 0.005098 0.028742 4.518909 
39.820822 0.004173 0.067251 4.710572 
39.828178 0.003678 0.102543 4.885103 
39.834862 0.003342 0.135736 5.047894 
39.841564 0.003351 0.170125 5.214764 
39.847751 0.003094 0.202874 5.371631 
39.853520 0.002884 0.234287 5.519910 
39.858958 0.002719 0.264688 5.661074 
39.864126 0.002584 0.294295 5.796083 
39.869069 0.002471 0.323265 5.925577 
39.873820 0.002376 0.351714 6.050000 
39.878406 0.002293 0.379734 6.169665 
39.882849 0.002221 0.407397 6.284792 
39.887165 0.002158 0.434765 6.395536 
39.891371 0.002103 0.461891 6.502002 
39.895481 0.002055 0.488820 6.604253 
39.899505 0.002012 0.515592 6.702318 
39.903454 0.001975 0.542246 6.796202 
39.907338 0.001942 0.568817 6.885882 
39.911165 0.001914 0.595337 6.971314 
39.914945 0.001890 0.621840 7.052433 
39.918684 0.001870 0.648358 7.129153 
39.922392 0.001854 0.674925 7.201369 
39.926075 0.001842 0.701575 7.268950 
39.929742 0.001833 0.728345 7.331744 
39.933401 0.001829 0.755277 7.389572 
39.937060 0.001830 0.782413 7.442222 
39.940729 0.001835 0.809807 7.489446 
39.944419 0.001845 0.837519 7.530948 
39.948141 0.001861 0.865619 7.566377 
39.951911 0.001885 0.894198 7.595303 
39.955745 0.001917 0.923367 7.617195 
39.959668 0.001961 0.953275 7.631375 
39.963709 0.002021 0.984129 7.636947 
39.967913 0.002102 1.016227 7.632665 
39.972348 0.002218 1.050048 7.616667 
39.977136 0.002394 1.086446 7.585838 
39.982540 0.002702 1.127305 7.533821 
39.989479 0.003470 1.179273 7.439986 
39.994693 0.002607 1.217835 7.349546 
39.999381 0.002344 1.252067 7.253869 
