0.050000 0.000031
0.100000 0.000206
0.150000 0.000383
0.200000 0.000582
0.250000 0.000808
0.300000 0.000969
0.350000 0.001099
0.400000 0.001236
0.450000 0.001340
0.500000 0.001435
0.550000 0.001532
0.600000 0.001594
0.650000 0.001640
0.700000 0.001684
0.750000 0.001706
0.800000 0.001721
0.850000 0.001733
0.900000 0.001724
0.950000 0.001706
1.000000 0.001686
1.050000 0.001653
1.100000 0.001618
1.150000 0.001582
1.200000 0.001534
1.250000 0.001485
1.300000 0.001437
1.350000 0.001384
1.400000 0.001334
1.450000 0.001287
1.500000 0.001236
1.550000 0.001190
1.600000 0.001150
1.650000 0.001110
1.700000 0.001078
1.750000 0.001052
1.800000 0.001029
1.850000 0.001013
1.900000 0.001006
1.950000 0.001003
2.000000 0.001010
2.050000 0.001025
2.100000 0.001045
2.150000 0.001073
2.200000 0.001110
2.250000 0.001152
2.300000 0.001202
2.350000 0.001259
2.400000 0.001321
2.450000 0.001389
2.500000 0.001463
2.550000 0.001540
2.600000 0.001623
2.650000 0.001709
2.700000 0.001797
2.750000 0.001889
2.800000 0.001982
2.850000 0.002076
2.900000 0.002170
2.950000 0.002261
3.000000 0.002350
3.050000 0.002436
3.100000 0.002518
3.150000 0.002595
3.200000 0.002667
3.250000 0.002732
3.300000 0.002789
3.350000 0.002840
3.400000 0.002882
3.450000 0.002915
3.500000 0.002939
3.550000 0.002955
3.600000 0.002960
3.650000 0.002957
3.700000 0.002944
3.750000 0.002922
3.800000 0.002891
3.850000 0.002851
3.900000 0.002804
3.950000 0.002749
4.000000 0.002687
4.050000 0.002618
4.100000 0.002544
4.150000 0.002466
4.200000 0.002383
4.250000 0.002299
4.300000 0.002212
4.350000 0.002124
4.400000 0.002036
4.450000 0.001950
4.500000 0.001866
4.550000 0.001784
4.600000 0.001707
4.650000 0.001635
4.700000 0.001569
4.750000 0.001509
4.800000 0.001457
4.850000 0.001412
4.900000 0.001376
4.950000 0.001348
5.000000 0.001328
5.050000 0.001317
5.100000 0.001314
5.150000 0.001320
5.200000 0.001333
5.250000 0.001354
5.300000 0.001383
5.350000 0.001419
5.400000 0.001462
5.450000 0.001513
5.500000 0.001572
5.550000 0.001637
5.600000 0.001709
5.650000 0.001786
5.700000 0.001868
5.750000 0.001952
5.800000 0.002038
5.850000 0.002124
5.900000 0.002210
5.950000 0.002296
6.000000 0.002380
6.050000 0.002463
6.100000 0.002543
6.150000 0.002621
6.200000 0.002693
6.250000 0.002761
6.300000 0.002822
6.350000 0.002876
6.400000 0.002922
6.450000 0.002961
6.500000 0.002992
6.550000 0.003015
6.600000 0.003030
6.650000 0.003036
6.700000 0.003033
6.750000 0.003021
6.800000 0.003000
6.850000 0.002971
6.900000 0.002933
6.950000 0.002887
7.000000 0.002834
7.050000 0.002775
7.100000 0.002709
7.150000 0.002637
7.200000 0.002560
7.250000 0.002479
7.300000 0.002394
7.350000 0.002307
7.400000 0.002218
7.450000 0.002128
7.500000 0.002038
7.550000 0.001949
7.600000 0.001862
7.650000 0.001777
7.700000 0.001696
7.750000 0.001619
7.800000 0.001547
7.850000 0.001480
7.900000 0.001421
7.950000 0.001368
8.000000 0.001322
8.050000 0.001284
8.100000 0.001255
8.150000 0.001234
8.200000 0.001222
8.250000 0.001219
8.300000 0.001224
8.350000 0.001239
8.400000 0.001262
8.450000 0.001293
8.500000 0.001333
8.550000 0.001380
8.600000 0.001435
8.650000 0.001496
8.700000 0.001563
8.750000 0.001636
8.800000 0.001713
8.850000 0.001794
8.900000 0.001878
8.950000 0.001965
9.000000 0.002052
9.050000 0.002141
9.100000 0.002228
9.150000 0.002315
9.200000 0.002399
9.250000 0.002480
9.300000 0.002558
9.350000 0.002630
9.400000 0.002698
9.450000 0.002759
9.500000 0.002814
9.550000 0.002862
9.600000 0.002902
9.650000 0.002934
9.700000 0.002957
9.750000 0.002972
9.800000 0.002978
9.850000 0.002976
9.900000 0.002964
9.950000 0.002944
10.000000 0.002916
10.050000 0.002879
10.100000 0.002835
10.150000 0.002783
10.200000 0.002724
10.250000 0.002659
10.300000 0.002589
10.350000 0.002513
10.400000 0.002434
10.450000 0.002351
10.500000 0.002266
10.550000 0.002178
10.600000 0.002091
10.650000 0.002003
10.700000 0.001916
10.750000 0.001831
10.800000 0.001749
10.850000 0.001671
10.900000 0.001596
10.950000 0.001527
11.000000 0.001464
11.050000 0.001407
11.100000 0.001357
11.150000 0.001314
11.200000 0.001279
11.250000 0.001253
11.300000 0.001235
11.350000 0.001226
11.400000 0.001225
11.450000 0.001234
11.500000 0.001251
11.550000 0.001276
11.600000 0.001310
11.650000 0.001352
11.700000 0.001402
11.750000 0.001458
11.800000 0.001522
11.850000 0.001591
11.900000 0.001665
11.950000 0.001743
12.000000 0.001825
12.050000 0.001910
12.100000 0.001998
12.150000 0.002086
12.200000 0.002174
12.250000 0.002262
12.300000 0.002348
12.350000 0.002432
12.400000 0.002513
12.450000 0.002589
12.500000 0.002661
12.550000 0.002728
12.600000 0.002788
12.650000 0.002841
12.700000 0.002887
12.750000 0.002926
12.800000 0.002956
12.850000 0.002978
12.900000 0.002991
12.950000 0.002995
13.000000 0.002990
13.050000 0.002977
13.100000 0.002955
13.150000 0.002924
13.200000 0.002886
13.250000 0.002839
13.300000 0.002786
13.350000 0.002725
13.400000 0.002659
13.450000 0.002587
13.500000 0.002510
13.550000 0.002429
13.600000 0.002345
13.650000 0.002258
13.700000 0.002170
13.750000 0.002082
13.800000 0.001993
13.850000 0.001906
13.900000 0.001821
13.950000 0.001739
14.000000 0.001660
14.050000 0.001586
14.100000 0.001517
14.150000 0.001454
14.200000 0.001397
14.250000 0.001347
14.300000 0.001305
14.350000 0.001271
14.400000 0.001246
14.450000 0.001229
14.500000 0.001220
14.550000 0.001221
14.600000 0.001230
14.650000 0.001248
14.700000 0.001275
14.750000 0.001310
14.800000 0.001353
14.850000 0.001403
14.900000 0.001461
14.950000 0.001524
15.000000 0.001594
15.050000 0.001668
15.100000 0.001747
15.150000 0.001830
15.200000 0.001915
15.250000 0.002002
15.300000 0.002091
15.350000 0.002179
15.400000 0.002266
15.450000 0.002352
15.500000 0.002436
15.550000 0.002516
15.600000 0.002591
15.650000 0.002662
15.700000 0.002728
15.750000 0.002787
15.800000 0.002839
15.850000 0.002884
15.900000 0.002922
15.950000 0.002951
16.000000 0.002971
16.050000 0.002983
16.100000 0.002986
16.150000 0.002980
16.200000 0.002966
16.250000 0.002942
16.300000 0.002911
16.350000 0.002871
16.400000 0.002824
16.450000 0.002769
16.500000 0.002708
16.550000 0.002641
16.600000 0.002568
16.650000 0.002491
16.700000 0.002410
16.750000 0.002326
16.800000 0.002240
16.850000 0.002152
16.900000 0.002064
16.950000 0.001976
17.000000 0.001889
17.050000 0.001805
17.100000 0.001724
17.150000 0.001646
17.200000 0.001573
17.250000 0.001505
17.300000 0.001444
17.350000 0.001389
17.400000 0.001341
17.450000 0.001300
17.500000 0.001268
17.550000 0.001244
17.600000 0.001229
17.650000 0.001222
17.700000 0.001225
17.750000 0.001236
17.800000 0.001256
17.850000 0.001284
17.900000 0.001321
17.950000 0.001365
18.000000 0.001417
18.050000 0.001475
18.100000 0.001540
18.150000 0.001611
18.200000 0.001687
18.250000 0.001766
18.300000 0.001850
18.350000 0.001935
18.400000 0.002023
18.450000 0.002111
18.500000 0.002199
18.550000 0.002287
18.600000 0.002372
18.650000 0.002455
18.700000 0.002535
18.750000 0.002610
18.800000 0.002680
18.850000 0.002744
18.900000 0.002802
18.950000 0.002853
19.000000 0.002897
19.050000 0.002933
19.100000 0.002960
19.150000 0.002979
19.200000 0.002989
19.250000 0.002991
19.300000 0.002983
19.350000 0.002967
19.400000 0.002942
19.450000 0.002909
19.500000 0.002868
19.550000 0.002819
19.600000 0.002763
19.650000 0.002701
19.700000 0.002633
19.750000 0.002559
19.800000 0.002481
19.850000 0.002399
19.900000 0.002314
19.950000 0.002227
20.000000 0.002139
20.050000 0.002051
20.100000 0.001963
20.150000 0.001876
20.200000 0.001792
20.250000 0.001711
20.300000 0.001634
20.350000 0.001562
20.400000 0.001495
20.450000 0.001434
20.500000 0.001380
20.550000 0.001333
20.600000 0.001294
20.650000 0.001262
20.700000 0.001240
20.750000 0.001226
20.800000 0.001221
20.850000 0.001224
20.900000 0.001237
20.950000 0.001258
21.000000 0.001287
21.050000 0.001325
21.100000 0.001370
21.150000 0.001423
21.200000 0.001483
21.250000 0.001549
21.300000 0.001620
21.350000 0.001696
21.400000 0.001777
21.450000 0.001860
21.500000 0.001946
21.550000 0.002034
21.600000 0.002122
21.650000 0.002210
21.700000 0.002297
21.750000 0.002382
21.800000 0.002465
21.850000 0.002544
21.900000 0.002618
21.950000 0.002687
22.000000 0.002751
22.050000 0.002807
22.100000 0.002857
22.150000 0.002900
22.200000 0.002934
22.250000 0.002960
22.300000 0.002978
22.350000 0.002987
22.400000 0.002987
22.450000 0.002978
22.500000 0.002960
22.550000 0.002934
22.600000 0.002900
22.650000 0.002858
22.700000 0.002808
22.750000 0.002751
22.800000 0.002688
22.850000 0.002618
22.900000 0.002544
22.950000 0.002465
23.000000 0.002383
23.050000 0.002298
23.100000 0.002211
23.150000 0.002123
23.200000 0.002035
23.250000 0.001947
23.300000 0.001861
23.350000 0.001778
23.400000 0.001697
23.450000 0.001621
23.500000 0.001550
23.550000 0.001484
23.600000 0.001424
23.650000 0.001371
23.700000 0.001326
23.750000 0.001288
23.800000 0.001259
23.850000 0.001238
23.900000 0.001225
23.950000 0.001222
24.000000 0.001227
24.050000 0.001241
24.100000 0.001264
24.150000 0.001295
24.200000 0.001334
24.250000 0.001381
24.300000 0.001435
24.350000 0.001496
24.400000 0.001563
24.450000 0.001635
24.500000 0.001712
24.550000 0.001793
24.600000 0.001877
24.650000 0.001963
24.700000 0.002051
24.750000 0.002140
24.800000 0.002228
24.850000 0.002314
24.900000 0.002399
24.950000 0.002481
25.000000 0.002559
25.050000 0.002633
25.100000 0.002701
25.150000 0.002763
25.200000 0.002819
25.250000 0.002868
25.300000 0.002909
25.350000 0.002942
25.400000 0.002966
25.450000 0.002982
25.500000 0.002990
25.550000 0.002988
25.600000 0.002978
25.650000 0.002959
25.700000 0.002931
25.750000 0.002895
25.800000 0.002852
25.850000 0.002800
25.900000 0.002742
25.950000 0.002678
26.000000 0.002608
26.050000 0.002533
26.100000 0.002453
26.150000 0.002370
26.200000 0.002285
26.250000 0.002197
26.300000 0.002109
26.350000 0.002021
26.400000 0.001933
26.450000 0.001847
26.500000 0.001764
26.550000 0.001685
26.600000 0.001609
26.650000 0.001538
26.700000 0.001473
26.750000 0.001415
26.800000 0.001363
26.850000 0.001319
26.900000 0.001282
26.950000 0.001254
27.000000 0.001234
27.050000 0.001223
27.100000 0.001221
27.150000 0.001228
27.200000 0.001243
27.250000 0.001267
27.300000 0.001300
27.350000 0.001340
27.400000 0.001388
27.450000 0.001443
27.500000 0.001505
27.550000 0.001573
27.600000 0.001646
27.650000 0.001724
27.700000 0.001805
27.750000 0.001890
27.800000 0.001976
27.850000 0.002064
27.900000 0.002153
27.950000 0.002241
28.000000 0.002327
28.050000 0.002411
28.100000 0.002493
28.150000 0.002570
28.200000 0.002643
28.250000 0.002710
28.300000 0.002771
28.350000 0.002826
28.400000 0.002873
28.450000 0.002913
28.500000 0.002945
28.550000 0.002968
28.600000 0.002982
28.650000 0.002988
28.700000 0.002985
28.750000 0.002974
28.800000 0.002953
28.850000 0.002924
28.900000 0.002887
28.950000 0.002842
29.000000 0.002790
29.050000 0.002731
29.100000 0.002665
29.150000 0.002594
29.200000 0.002518
29.250000 0.002438
29.300000 0.002355
29.350000 0.002269
29.400000 0.002182
29.450000 0.002093
29.500000 0.002005
29.550000 0.001918
29.600000 0.001833
29.650000 0.001750
29.700000 0.001671
29.750000 0.001597
29.800000 0.001527
29.850000 0.001463
29.900000 0.001406
29.950000 0.001355
30.000000 0.001312
30.050000 0.001277
30.100000 0.001251
30.150000 0.001232
30.200000 0.001223
30.250000 0.001222
30.300000 0.001230
30.350000 0.001247
30.400000 0.001273
30.450000 0.001307
30.500000 0.001348
30.550000 0.001398
30.600000 0.001454
30.650000 0.001517
30.700000 0.001586
30.750000 0.001660
30.800000 0.001738
30.850000 0.001820
30.900000 0.001905
30.950000 0.001992
31.000000 0.002081
31.050000 0.002169
31.100000 0.002257
31.150000 0.002343
31.200000 0.002427
31.250000 0.002507
31.300000 0.002584
31.350000 0.002656
31.400000 0.002722
31.450000 0.002782
31.500000 0.002836
31.550000 0.002882
31.600000 0.002920
31.650000 0.002950
31.700000 0.002972
31.750000 0.002985
31.800000 0.002990
31.850000 0.002985
31.900000 0.002972
31.950000 0.002950
32.000000 0.002920
32.050000 0.002881
32.100000 0.002835
32.150000 0.002781
32.200000 0.002721
32.250000 0.002655
32.300000 0.002583
32.350000 0.002506
32.400000 0.002425
32.450000 0.002341
32.500000 0.002255
32.550000 0.002167
32.600000 0.002079
32.650000 0.001991
32.700000 0.001904
32.750000 0.001819
32.800000 0.001737
32.850000 0.001659
32.900000 0.001585
32.950000 0.001516
33.000000 0.001453
33.050000 0.001397
33.100000 0.001347
33.150000 0.001306
33.200000 0.001272
33.250000 0.001247
33.300000 0.001230
33.350000 0.001222
33.400000 0.001223
33.450000 0.001232
33.500000 0.001250
33.550000 0.001277
33.600000 0.001312
33.650000 0.001355
33.700000 0.001406
33.750000 0.001463
33.800000 0.001527
33.850000 0.001597
33.900000 0.001672
33.950000 0.001751
34.000000 0.001834
34.050000 0.001919
34.100000 0.002006
34.150000 0.002094
34.200000 0.002183
34.250000 0.002270
34.300000 0.002356
34.350000 0.002439
34.400000 0.002519
34.450000 0.002595
34.500000 0.002666
34.550000 0.002731
34.600000 0.002791
34.650000 0.002843
34.700000 0.002888
34.750000 0.002925
34.800000 0.002954
34.850000 0.002974
34.900000 0.002986
34.950000 0.002989
35.000000 0.002983
35.050000 0.002968
35.100000 0.002945
35.150000 0.002913
35.200000 0.002873
35.250000 0.002826
35.300000 0.002771
35.350000 0.002710
35.400000 0.002642
35.450000 0.002569
35.500000 0.002492
35.550000 0.002411
35.600000 0.002327
35.650000 0.002240
35.700000 0.002152
35.750000 0.002064
35.800000 0.001976
35.850000 0.001889
35.900000 0.001805
35.950000 0.001723
36.000000 0.001646
36.050000 0.001573
36.100000 0.001505
36.150000 0.001443
36.200000 0.001388
36.250000 0.001340
36.300000 0.001300
36.350000 0.001267
36.400000 0.001243
36.450000 0.001228
36.500000 0.001222
36.550000 0.001224
36.600000 0.001235
36.650000 0.001255
36.700000 0.001283
36.750000 0.001320
36.800000 0.001364
36.850000 0.001416
36.900000 0.001474
36.950000 0.001539
37.000000 0.001610
37.050000 0.001686
37.100000 0.001765
37.150000 0.001849
37.200000 0.001934
37.250000 0.002022
37.300000 0.002110
37.350000 0.002198
37.400000 0.002286
37.450000 0.002371
37.500000 0.002454
37.550000 0.002533
37.600000 0.002608
37.650000 0.002678
37.700000 0.002743
37.750000 0.002801
37.800000 0.002852
37.850000 0.002895
37.900000 0.002931
37.950000 0.002959
38.000000 0.002977
38.050000 0.002988
38.100000 0.002989
38.150000 0.002982
38.200000 0.002965
38.250000 0.002941
38.300000 0.002907
38.350000 0.002866
38.400000 0.002818
38.450000 0.002762
38.500000 0.002699
38.550000 0.002631
38.600000 0.002557
38.650000 0.002479
38.700000 0.002397
38.750000 0.002313
38.800000 0.002226
38.850000 0.002138
38.900000 0.002049
38.950000 0.001961
39.000000 0.001875
39.050000 0.001791
39.100000 0.001710
39.150000 0.001633
39.200000 0.001561
39.250000 0.001494
39.300000 0.001433
39.350000 0.001379
39.400000 0.001333
39.450000 0.001293
39.500000 0.001263
39.550000 0.001240
39.600000 0.001226
39.650000 0.001221
39.700000 0.001225
39.750000 0.001237
39.800000 0.001259
39.850000 0.001288
39.900000 0.001326
39.950000 0.001372
40.000000 0.001425
40.050000 0.001484
40.100000 0.001550
40.150000 0.001622
40.200000 0.001698
40.250000 0.001778
40.300000 0.001862
40.350000 0.001948
40.400000 0.002036
40.450000 0.002124
40.500000 0.002212
40.550000 0.002299
40.600000 0.002384
40.650000 0.002467
40.700000 0.002545
40.750000 0.002620
40.800000 0.002689
40.850000 0.002752
40.900000 0.002809
40.950000 0.002859
41.000000 0.002901
41.050000 0.002936
41.100000 0.002962
41.150000 0.002979
41.200000 0.002988
41.250000 0.002988
41.300000 0.002979
41.350000 0.002961
41.400000 0.002935
41.450000 0.002900
41.500000 0.002858
41.550000 0.002808
41.600000 0.002751
41.650000 0.002688
41.700000 0.002618
41.750000 0.002544
41.800000 0.002465
41.850000 0.002383
41.900000 0.002298
41.950000 0.002211
42.000000 0.002122
42.050000 0.002034
42.100000 0.001947
42.150000 0.001861
42.200000 0.001777
42.250000 0.001697
42.300000 0.001621
42.350000 0.001549
42.400000 0.001483
42.450000 0.001424
42.500000 0.001371
42.550000 0.001326
42.600000 0.001288
42.650000 0.001258
42.700000 0.001237
42.750000 0.001225
42.800000 0.001221
42.850000 0.001227
42.900000 0.001241
42.950000 0.001263
43.000000 0.001294
43.050000 0.001334
43.100000 0.001381
43.150000 0.001435
43.200000 0.001496
43.250000 0.001563
43.300000 0.001635
43.350000 0.001712
43.400000 0.001793
43.450000 0.001877
43.500000 0.001963
43.550000 0.002051
43.600000 0.002140
43.650000 0.002228
43.700000 0.002314
43.750000 0.002399
43.800000 0.002481
43.850000 0.002559
43.900000 0.002632
43.950000 0.002701
44.000000 0.002763
44.050000 0.002819
44.100000 0.002867
44.150000 0.002908
44.200000 0.002941
44.250000 0.002966
44.300000 0.002982
44.350000 0.002989
44.400000 0.002987
44.450000 0.002977
44.500000 0.002958
44.550000 0.002930
44.600000 0.002894
44.650000 0.002851
44.700000 0.002799
44.750000 0.002741
44.800000 0.002677
44.850000 0.002607
44.900000 0.002531
44.950000 0.002452
45.000000 0.002369
45.050000 0.002283
45.100000 0.002196
45.150000 0.002108
45.200000 0.002020
45.250000 0.001932
45.300000 0.001846
45.350000 0.001763
45.400000 0.001684
45.450000 0.001608
45.500000 0.001538
45.550000 0.001473
45.600000 0.001414
45.650000 0.001363
45.700000 0.001319
45.750000 0.001282
45.800000 0.001254
45.850000 0.001234
45.900000 0.001224
45.950000 0.001221
46.000000 0.001228
46.050000 0.001244
46.100000 0.001268
46.150000 0.001300
46.200000 0.001341
46.250000 0.001389
46.300000 0.001444
46.350000 0.001506
46.400000 0.001574
46.450000 0.001647
46.500000 0.001725
46.550000 0.001806
46.600000 0.001891
46.650000 0.001978
46.700000 0.002066
46.750000 0.002154
46.800000 0.002242
46.850000 0.002328
46.900000 0.002413
46.950000 0.002494
47.000000 0.002571
47.050000 0.002644
47.100000 0.002711
47.150000 0.002772
47.200000 0.002827
47.250000 0.002874
47.300000 0.002914
47.350000 0.002945
47.400000 0.002968
47.450000 0.002983
47.500000 0.002989
47.550000 0.002986
47.600000 0.002974
47.650000 0.002953
47.700000 0.002924
47.750000 0.002887
47.800000 0.002842
47.850000 0.002790
47.900000 0.002731
47.950000 0.002665
48.000000 0.002594
48.050000 0.002518
48.100000 0.002438
48.150000 0.002355
48.200000 0.002269
48.250000 0.002181
48.300000 0.002093
48.350000 0.002005
48.400000 0.001917
48.450000 0.001832
48.500000 0.001750
48.550000 0.001671
48.600000 0.001596
48.650000 0.001526
48.700000 0.001463
48.750000 0.001405
48.800000 0.001355
48.850000 0.001312
48.900000 0.001277
48.950000 0.001250
49.000000 0.001232
49.050000 0.001223
49.100000 0.001222
49.150000 0.001230
49.200000 0.001247
49.250000 0.001273
49.300000 0.001307
49.350000 0.001349
49.400000 0.001398
49.450000 0.001454
49.500000 0.001517
49.550000 0.001586
49.600000 0.001660
49.650000 0.001739
49.700000 0.001821
49.750000 0.001906
49.800000 0.001993
49.850000 0.002081
49.900000 0.002169
49.950000 0.002257
50.000000 0.002343
