0.050000 0.871446
0.100000 0.867087
0.150000 0.862775
0.200000 0.858508
0.250000 0.854282
0.300000 0.850094
0.350000 0.845939
0.400000 0.841811
0.450000 0.837706
0.500000 0.833618
0.550000 0.829545
0.600000 0.825482
0.650000 0.821430
0.700000 0.817388
0.750000 0.813357
0.800000 0.809339
0.850000 0.805337
0.900000 0.801354
0.950000 0.797393
1.000000 0.793458
1.050000 0.789552
1.100000 0.785681
1.150000 0.781849
1.200000 0.778060
1.250000 0.774320
1.300000 0.770634
1.350000 0.767008
1.400000 0.763448
1.450000 0.759960
1.500000 0.756549
1.550000 0.753219
1.600000 0.749975
1.650000 0.746818
1.700000 0.743747
1.750000 0.740760
1.800000 0.737849
1.850000 0.735003
1.900000 0.732206
1.950000 0.729436
2.000000 0.726667
2.050000 0.723864
2.100000 0.720989
2.150000 0.717996
2.200000 0.714837
2.250000 0.711459
2.300000 0.707812
2.350000 0.703847
2.400000 0.699523
2.450000 0.694813
2.500000 0.689705
2.550000 0.684211
2.600000 0.678369
2.650000 0.672248
2.700000 0.665946
2.750000 0.659589
2.800000 0.653326
2.850000 0.647320
2.900000 0.641734
2.950000 0.636718
3.000000 0.632393
3.050000 0.628836
3.100000 0.626071
3.150000 0.624058
3.200000 0.622697
3.250000 0.621833
3.300000 0.621270
3.350000 0.620792
3.400000 0.620189
3.450000 0.619274
3.500000 0.617909
3.550000 0.616018
3.600000 0.613590
3.650000 0.610679
3.700000 0.607387
3.750000 0.603849
3.800000 0.600205
3.850000 0.596585
3.900000 0.593089
3.950000 0.589774
4.000000 0.586656
4.050000 0.583716
4.100000 0.580906
4.150000 0.578170
4.200000 0.575454
4.250000 0.572718
4.300000 0.569939
4.350000 0.567114
4.400000 0.564255
4.450000 0.561384
4.500000 0.558521
4.550000 0.555683
4.600000 0.552880
4.650000 0.550111
4.700000 0.547371
4.750000 0.544653
4.800000 0.541947
4.850000 0.539248
4.900000 0.536554
4.950000 0.533868
5.000000 0.531191
5.050000 0.528528
5.100000 0.525880
5.150000 0.523248
5.200000 0.520633
5.250000 0.518032
5.300000 0.515443
5.350000 0.512867
5.400000 0.510302
5.450000 0.507750
5.500000 0.505210
5.550000 0.502683
5.600000 0.500169
5.650000 0.497668
5.700000 0.495180
5.750000 0.492704
5.800000 0.490241
5.850000 0.487790
5.900000 0.485351
5.950000 0.482924
6.000000 0.480509
6.050000 0.478107
6.100000 0.475717
6.150000 0.473339
6.200000 0.470973
6.250000 0.468619
6.300000 0.466278
6.350000 0.463948
6.400000 0.461632
6.450000 0.459327
6.500000 0.457035
6.550000 0.454756
6.600000 0.452490
6.650000 0.450237
6.700000 0.447998
6.750000 0.445772
6.800000 0.443560
6.850000 0.441361
6.900000 0.439177
6.950000 0.437007
7.000000 0.434851
7.050000 0.432710
7.100000 0.430582
7.150000 0.428468
7.200000 0.426367
7.250000 0.424277
7.300000 0.422198
7.350000 0.420127
7.400000 0.418063
7.450000 0.416003
7.500000 0.413945
7.550000 0.411889
7.600000 0.409832
7.650000 0.407775
7.700000 0.405717
7.750000 0.403658
7.800000 0.401602
7.850000 0.399550
7.900000 0.397504
7.950000 0.395466
8.000000 0.393440
8.050000 0.391426
8.100000 0.389427
8.150000 0.387443
8.200000 0.385474
8.250000 0.383519
8.300000 0.381577
8.350000 0.379647
8.400000 0.377728
8.450000 0.375816
8.500000 0.373911
8.550000 0.372010
8.600000 0.370111
8.650000 0.368212
8.700000 0.366311
8.750000 0.364404
8.800000 0.362489
8.850000 0.360564
8.900000 0.358627
8.950000 0.356673
9.000000 0.354701
9.050000 0.352708
9.100000 0.350694
9.150000 0.348658
9.200000 0.346599
9.250000 0.344520
9.300000 0.342424
9.350000 0.340317
9.400000 0.338206
9.450000 0.336101
9.500000 0.334016
9.550000 0.331965
9.600000 0.329967
9.650000 0.328042
9.700000 0.326212
9.750000 0.324500
9.800000 0.322927
9.850000 0.321516
9.900000 0.320283
9.950000 0.319240
10.000000 0.318391
10.050000 0.317732
10.100000 0.317245
10.150000 0.316901
10.200000 0.316658
10.250000 0.316461
10.300000 0.316246
10.350000 0.315942
10.400000 0.315477
10.450000 0.314781
10.500000 0.313797
10.550000 0.312486
10.600000 0.310829
10.650000 0.308835
10.700000 0.306540
10.750000 0.304005
10.800000 0.301313
10.850000 0.298560
10.900000 0.295846
10.950000 0.293262
11.000000 0.290885
11.050000 0.288764
11.100000 0.286920
11.150000 0.285342
11.200000 0.283992
11.250000 0.282812
11.300000 0.281731
11.350000 0.280682
11.400000 0.279603
11.450000 0.278452
11.500000 0.277207
11.550000 0.275868
11.600000 0.274451
11.650000 0.272986
11.700000 0.271506
11.750000 0.270038
11.800000 0.268606
11.850000 0.267220
11.900000 0.265878
11.950000 0.264572
12.000000 0.263288
12.050000 0.262013
12.100000 0.260735
12.150000 0.259448
12.200000 0.258153
12.250000 0.256853
12.300000 0.255553
12.350000 0.254261
12.400000 0.252980
12.450000 0.251711
12.500000 0.250455
12.550000 0.249209
12.600000 0.247969
12.650000 0.246735
12.700000 0.245504
12.750000 0.244276
12.800000 0.243053
12.850000 0.241835
12.900000 0.240624
12.950000 0.239420
13.000000 0.238224
13.050000 0.237034
13.100000 0.235850
13.150000 0.234671
13.200000 0.233498
13.250000 0.232331
13.300000 0.231168
13.350000 0.230012
13.400000 0.228862
13.450000 0.227718
13.500000 0.226579
13.550000 0.225446
13.600000 0.224319
13.650000 0.223197
13.700000 0.222081
13.750000 0.220969
13.800000 0.219864
13.850000 0.218763
13.900000 0.217668
13.950000 0.216578
14.000000 0.215492
14.050000 0.214412
14.100000 0.213336
14.150000 0.212265
14.200000 0.211198
14.250000 0.210135
14.300000 0.209076
14.350000 0.208021
14.400000 0.206970
14.450000 0.205923
14.500000 0.204879
14.550000 0.203840
14.600000 0.202803
14.650000 0.201771
14.700000 0.200743
14.750000 0.199720
14.800000 0.198702
14.850000 0.197690
14.900000 0.196685
14.950000 0.195687
15.000000 0.194697
15.050000 0.193717
15.100000 0.192746
15.150000 0.191785
15.200000 0.190834
15.250000 0.189893
15.300000 0.188961
15.350000 0.188036
15.400000 0.187119
15.450000 0.186207
15.500000 0.185300
15.550000 0.184396
15.600000 0.183495
15.650000 0.182596
15.700000 0.181699
15.750000 0.180804
15.800000 0.179912
15.850000 0.179023
15.900000 0.178139
15.950000 0.177259
16.000000 0.176386
16.050000 0.175520
16.100000 0.174661
16.150000 0.173813
16.200000 0.172974
16.250000 0.172147
16.300000 0.171332
16.350000 0.170531
16.400000 0.169744
16.450000 0.168974
16.500000 0.168220
16.550000 0.167485
16.600000 0.166768
16.650000 0.166069
16.700000 0.165389
16.750000 0.164725
16.800000 0.164078
16.850000 0.163442
16.900000 0.162816
16.950000 0.162194
17.000000 0.161570
17.050000 0.160937
17.100000 0.160286
17.150000 0.159609
17.200000 0.158895
17.250000 0.158134
17.300000 0.157317
17.350000 0.156433
17.400000 0.155477
17.450000 0.154442
17.500000 0.153326
17.550000 0.152133
17.600000 0.150869
17.650000 0.149547
17.700000 0.148186
17.750000 0.146809
17.800000 0.145445
17.850000 0.144124
17.900000 0.142878
17.950000 0.141738
18.000000 0.140732
18.050000 0.139879
18.100000 0.139189
18.150000 0.138663
18.200000 0.138288
18.250000 0.138039
18.300000 0.137882
18.350000 0.137775
18.400000 0.137672
18.450000 0.137530
18.500000 0.137310
18.550000 0.136983
18.600000 0.136532
18.650000 0.135956
18.700000 0.135268
18.750000 0.134489
18.800000 0.133652
18.850000 0.132791
18.900000 0.131938
18.950000 0.131122
19.000000 0.130357
19.050000 0.129652
19.100000 0.129003
19.150000 0.128397
19.200000 0.127820
19.250000 0.127251
19.300000 0.126678
19.350000 0.126088
19.400000 0.125477
19.450000 0.124847
19.500000 0.124204
19.550000 0.123556
19.600000 0.122911
19.650000 0.122276
19.700000 0.121654
19.750000 0.121045
19.800000 0.120447
19.850000 0.119856
19.900000 0.119268
19.950000 0.118679
20.000000 0.118089
20.050000 0.117497
20.100000 0.116905
20.150000 0.116316
20.200000 0.115730
20.250000 0.115148
20.300000 0.114572
20.350000 0.114001
20.400000 0.113433
20.450000 0.112868
20.500000 0.112305
20.550000 0.111743
20.600000 0.111184
20.650000 0.110627
20.700000 0.110073
20.750000 0.109522
20.800000 0.108974
20.850000 0.108429
20.900000 0.107888
20.950000 0.107349
21.000000 0.106812
21.050000 0.106278
21.100000 0.105747
21.150000 0.105218
21.200000 0.104692
21.250000 0.104169
21.300000 0.103648
21.350000 0.103131
21.400000 0.102616
21.450000 0.102104
21.500000 0.101595
21.550000 0.101088
21.600000 0.100585
21.650000 0.100084
21.700000 0.099586
21.750000 0.099092
21.800000 0.098600
21.850000 0.098112
21.900000 0.097627
21.950000 0.097144
22.000000 0.096665
22.050000 0.096189
22.100000 0.095716
22.150000 0.095246
22.200000 0.094779
22.250000 0.094314
22.300000 0.093851
22.350000 0.093391
22.400000 0.092932
22.450000 0.092474
22.500000 0.092017
22.550000 0.091560
22.600000 0.091104
22.650000 0.090647
22.700000 0.090191
22.750000 0.089734
22.800000 0.089278
22.850000 0.088822
22.900000 0.088368
22.950000 0.087914
23.000000 0.087464
23.050000 0.087015
23.100000 0.086570
23.150000 0.086128
23.200000 0.085689
23.250000 0.085254
23.300000 0.084821
23.350000 0.084392
23.400000 0.083965
23.450000 0.083539
23.500000 0.083115
23.550000 0.082692
23.600000 0.082269
23.650000 0.081845
23.700000 0.081421
23.750000 0.080995
23.800000 0.080567
23.850000 0.080137
23.900000 0.079704
23.950000 0.079267
24.000000 0.078827
24.050000 0.078382
24.100000 0.077932
24.150000 0.077478
24.200000 0.077019
24.250000 0.076557
24.300000 0.076091
24.350000 0.075624
24.400000 0.075157
24.450000 0.074692
24.500000 0.074232
24.550000 0.073781
24.600000 0.073341
24.650000 0.072918
24.700000 0.072516
24.750000 0.072140
24.800000 0.071793
24.850000 0.071480
24.900000 0.071204
24.950000 0.070967
25.000000 0.070770
25.050000 0.070612
25.100000 0.070490
25.150000 0.070397
25.200000 0.070326
25.250000 0.070266
25.300000 0.070206
25.350000 0.070131
25.400000 0.070027
25.450000 0.069880
25.500000 0.069678
25.550000 0.069411
25.600000 0.069073
25.650000 0.068664
25.700000 0.068187
25.750000 0.067652
25.800000 0.067073
25.850000 0.066469
25.900000 0.065858
25.950000 0.065263
26.000000 0.064702
26.050000 0.064190
26.100000 0.063738
26.150000 0.063349
26.200000 0.063021
26.250000 0.062744
26.300000 0.062506
26.350000 0.062291
26.400000 0.062081
26.450000 0.061863
26.500000 0.061625
26.550000 0.061360
26.600000 0.061067
26.650000 0.060751
26.700000 0.060417
26.750000 0.060076
26.800000 0.059735
26.850000 0.059403
26.900000 0.059085
26.950000 0.058782
27.000000 0.058493
27.050000 0.058214
27.100000 0.057940
27.150000 0.057667
27.200000 0.057391
27.250000 0.057110
27.300000 0.056824
27.350000 0.056535
27.400000 0.056245
27.450000 0.055956
27.500000 0.055671
27.550000 0.055390
27.600000 0.055114
27.650000 0.054841
27.700000 0.054570
27.750000 0.054301
27.800000 0.054032
27.850000 0.053762
27.900000 0.053492
27.950000 0.053223
28.000000 0.052956
28.050000 0.052690
28.100000 0.052426
28.150000 0.052164
28.200000 0.051904
28.250000 0.051645
28.300000 0.051388
28.350000 0.051131
28.400000 0.050875
28.450000 0.050620
28.500000 0.050367
28.550000 0.050115
28.600000 0.049864
28.650000 0.049615
28.700000 0.049367
28.750000 0.049120
28.800000 0.048874
28.850000 0.048630
28.900000 0.048386
28.950000 0.048143
29.000000 0.047902
29.050000 0.047662
29.100000 0.047422
29.150000 0.047184
29.200000 0.046947
29.250000 0.046711
29.300000 0.046475
29.350000 0.046241
29.400000 0.046007
29.450000 0.045774
29.500000 0.045542
29.550000 0.045311
29.600000 0.045080
29.650000 0.044851
29.700000 0.044623
29.750000 0.044395
29.800000 0.044169
29.850000 0.043944
29.900000 0.043721
29.950000 0.043499
30.000000 0.043279
30.050000 0.043061
30.100000 0.042845
30.150000 0.042631
30.200000 0.042419
30.250000 0.042209
30.300000 0.042002
30.350000 0.041796
30.400000 0.041592
30.450000 0.041389
30.500000 0.041188
30.550000 0.040987
30.600000 0.040787
30.650000 0.040588
30.700000 0.040389
30.750000 0.040191
30.800000 0.039993
30.850000 0.039795
30.900000 0.039599
30.950000 0.039404
31.000000 0.039210
31.050000 0.039018
31.100000 0.038827
31.150000 0.038639
31.200000 0.038454
31.250000 0.038271
31.300000 0.038091
31.350000 0.037913
31.400000 0.037740
31.450000 0.037570
31.500000 0.037403
31.550000 0.037241
31.600000 0.037082
31.650000 0.036928
31.700000 0.036777
31.750000 0.036629
31.800000 0.036485
31.850000 0.036344
31.900000 0.036203
31.950000 0.036064
32.000000 0.035924
32.050000 0.035781
32.100000 0.035634
32.150000 0.035481
32.200000 0.035321
32.250000 0.035150
32.300000 0.034967
32.350000 0.034771
32.400000 0.034559
32.450000 0.034331
32.500000 0.034086
32.550000 0.033826
32.600000 0.033551
32.650000 0.033264
32.700000 0.032969
32.750000 0.032669
32.800000 0.032372
32.850000 0.032082
32.900000 0.031806
32.950000 0.031550
33.000000 0.031321
33.050000 0.031121
33.100000 0.030955
33.150000 0.030824
33.200000 0.030726
33.250000 0.030657
33.300000 0.030611
33.350000 0.030582
33.400000 0.030559
33.450000 0.030534
33.500000 0.030497
33.550000 0.030441
33.600000 0.030360
33.650000 0.030250
33.700000 0.030113
33.750000 0.029950
33.800000 0.029768
33.850000 0.029573
33.900000 0.029373
33.950000 0.029175
34.000000 0.028987
34.050000 0.028812
34.100000 0.028653
34.150000 0.028510
34.200000 0.028379
34.250000 0.028256
34.300000 0.028137
34.350000 0.028018
34.400000 0.027894
34.450000 0.027764
34.500000 0.027628
34.550000 0.027485
34.600000 0.027339
34.650000 0.027192
34.700000 0.027046
34.750000 0.026904
34.800000 0.026767
34.850000 0.026633
34.900000 0.026504
34.950000 0.026376
35.000000 0.026249
35.050000 0.026121
35.100000 0.025992
35.150000 0.025862
35.200000 0.025731
35.250000 0.025600
35.300000 0.025469
35.350000 0.025340
35.400000 0.025213
35.450000 0.025087
35.500000 0.024963
35.550000 0.024839
35.600000 0.024716
35.650000 0.024593
35.700000 0.024470
35.750000 0.024347
35.800000 0.024225
35.850000 0.024103
35.900000 0.023982
35.950000 0.023862
36.000000 0.023743
36.050000 0.023625
36.100000 0.023507
36.150000 0.023390
36.200000 0.023273
36.250000 0.023157
36.300000 0.023041
36.350000 0.022925
36.400000 0.022811
36.450000 0.022697
36.500000 0.022584
36.550000 0.022472
36.600000 0.022360
36.650000 0.022249
36.700000 0.022138
36.750000 0.022028
36.800000 0.021919
36.850000 0.021810
36.900000 0.021702
36.950000 0.021595
37.000000 0.021489
37.050000 0.021383
37.100000 0.021278
37.150000 0.021173
37.200000 0.021069
37.250000 0.020966
37.300000 0.020863
37.350000 0.020761
37.400000 0.020659
37.450000 0.020557
37.500000 0.020455
37.550000 0.020354
37.600000 0.020252
37.650000 0.020151
37.700000 0.020050
37.750000 0.019949
37.800000 0.019847
37.850000 0.019746
37.900000 0.019645
37.950000 0.019545
38.000000 0.019444
38.050000 0.019344
38.100000 0.019245
38.150000 0.019147
38.200000 0.019049
38.250000 0.018952
38.300000 0.018856
38.350000 0.018760
38.400000 0.018665
38.450000 0.018570
38.500000 0.018476
38.550000 0.018381
38.600000 0.018287
38.650000 0.018193
38.700000 0.018098
38.750000 0.018003
38.800000 0.017907
38.850000 0.017811
38.900000 0.017715
38.950000 0.017617
39.000000 0.017518
39.050000 0.017419
39.100000 0.017319
39.150000 0.017217
39.200000 0.017115
39.250000 0.017012
39.300000 0.016909
39.350000 0.016805
39.400000 0.016702
39.450000 0.016599
39.500000 0.016498
39.550000 0.016398
39.600000 0.016301
39.650000 0.016208
39.700000 0.016120
39.750000 0.016037
39.800000 0.015960
39.850000 0.015891
39.900000 0.015829
39.950000 0.015775
40.000000 0.015730
40.050000 0.015693
40.100000 0.015663
40.150000 0.015640
40.200000 0.015621
40.250000 0.015605
40.300000 0.015589
40.350000 0.015570
40.400000 0.015546
40.450000 0.015514
40.500000 0.015471
40.550000 0.015416
40.600000 0.015346
40.650000 0.015261
40.700000 0.015162
40.750000 0.015049
40.800000 0.014925
40.850000 0.014794
40.900000 0.014660
40.950000 0.014526
41.000000 0.014397
41.050000 0.014277
41.100000 0.014168
41.150000 0.014073
41.200000 0.013992
41.250000 0.013924
41.300000 0.013868
41.350000 0.013820
41.400000 0.013776
41.450000 0.013734
41.500000 0.013689
41.550000 0.013639
41.600000 0.013582
41.650000 0.013518
41.700000 0.013447
41.750000 0.013371
41.800000 0.013293
41.850000 0.013214
41.900000 0.013138
41.950000 0.013064
42.000000 0.012995
42.050000 0.012930
42.100000 0.012869
42.150000 0.012810
42.200000 0.012752
42.250000 0.012693
42.300000 0.012633
42.350000 0.012572
42.400000 0.012508
42.450000 0.012444
42.500000 0.012378
42.550000 0.012314
42.600000 0.012250
42.650000 0.012188
42.700000 0.012127
42.750000 0.012067
42.800000 0.012009
42.850000 0.011950
42.900000 0.011891
42.950000 0.011832
43.000000 0.011773
43.050000 0.011714
43.100000 0.011654
43.150000 0.011595
43.200000 0.011537
43.250000 0.011479
43.300000 0.011422
43.350000 0.011365
43.400000 0.011309
43.450000 0.011253
43.500000 0.011196
43.550000 0.011140
43.600000 0.011084
43.650000 0.011029
43.700000 0.010973
43.750000 0.010918
43.800000 0.010864
43.850000 0.010809
43.900000 0.010755
43.950000 0.010702
44.000000 0.010648
44.050000 0.010595
44.100000 0.010541
44.150000 0.010488
44.200000 0.010435
44.250000 0.010383
44.300000 0.010331
44.350000 0.010278
44.400000 0.010226
44.450000 0.010175
44.500000 0.010123
44.550000 0.010072
44.600000 0.010021
44.650000 0.009970
44.700000 0.009919
44.750000 0.009868
44.800000 0.009818
44.850000 0.009768
44.900000 0.009718
44.950000 0.009669
45.000000 0.009620
45.050000 0.009572
45.100000 0.009524
45.150000 0.009476
45.200000 0.009429
45.250000 0.009382
45.300000 0.009336
45.350000 0.009290
45.400000 0.009245
45.450000 0.009200
45.500000 0.009155
45.550000 0.009110
45.600000 0.009066
45.650000 0.009022
45.700000 0.008978
45.750000 0.008934
45.800000 0.008890
45.850000 0.008846
45.900000 0.008802
45.950000 0.008759
46.000000 0.008716
46.050000 0.008673
46.100000 0.008631
46.150000 0.008590
46.200000 0.008548
46.250000 0.008508
46.300000 0.008468
46.350000 0.008429
46.400000 0.008391
46.450000 0.008353
46.500000 0.008316
46.550000 0.008280
46.600000 0.008245
46.650000 0.008211
46.700000 0.008178
46.750000 0.008145
46.800000 0.008113
46.850000 0.008081
46.900000 0.008050
46.950000 0.008019
47.000000 0.007987
47.050000 0.007955
47.100000 0.007922
47.150000 0.007888
47.200000 0.007852
47.250000 0.007813
47.300000 0.007773
47.350000 0.007729
47.400000 0.007682
47.450000 0.007632
47.500000 0.007578
47.550000 0.007521
47.600000 0.007461
47.650000 0.007398
47.700000 0.007334
47.750000 0.007269
47.800000 0.007204
47.850000 0.007140
47.900000 0.007079
47.950000 0.007022
48.000000 0.006970
48.050000 0.006925
48.100000 0.006886
48.150000 0.006854
48.200000 0.006829
48.250000 0.006811
48.300000 0.006799
48.350000 0.006790
48.400000 0.006784
48.450000 0.006779
48.500000 0.006772
48.550000 0.006762
48.600000 0.006747
48.650000 0.006727
48.700000 0.006700
48.750000 0.006667
48.800000 0.006629
48.850000 0.006586
48.900000 0.006541
48.950000 0.006495
49.000000 0.006450
49.050000 0.006408
49.100000 0.006368
49.150000 0.006333
49.200000 0.006301
49.250000 0.006273
49.300000 0.006247
49.350000 0.006222
49.400000 0.006197
49.450000 0.006171
49.500000 0.006143
49.550000 0.006114
49.600000 0.006083
49.650000 0.006050
49.700000 0.006017
49.750000 0.005983
49.800000 0.005951
49.850000 0.005919
49.900000 0.005889
49.950000 0.005860
50.000000 0.005832
