0.050000 0.868975
0.100000 0.869659
0.150000 0.870697
0.200000 0.871955
0.250000 0.873276
0.300000 0.874510
0.350000 0.875527
0.400000 0.876244
0.450000 0.876621
0.500000 0.876670
0.550000 0.876442
0.600000 0.876010
0.650000 0.875461
0.700000 0.874878
0.750000 0.874327
0.800000 0.873858
0.850000 0.873497
0.900000 0.873250
0.950000 0.873110
1.000000 0.873057
1.050000 0.873069
1.100000 0.873123
1.150000 0.873200
1.200000 0.873284
1.250000 0.873364
1.300000 0.873435
1.350000 0.873492
1.400000 0.873538
1.450000 0.873571
1.500000 0.873595
1.550000 0.873611
1.600000 0.873622
1.650000 0.873629
1.700000 0.873633
1.750000 0.873636
1.800000 0.873637
1.850000 0.873638
1.900000 0.873639
1.950000 0.873639
2.000000 0.873639
2.050000 0.873639
2.100000 0.873639
2.150000 0.873639
2.200000 0.873639
2.250000 0.873639
2.300000 0.873639
2.350000 0.873639
2.400000 0.873639
2.450000 0.873639
2.500000 0.873639
2.550000 0.873639
2.600000 0.873639
2.650000 0.873639
2.700000 0.873639
2.750000 0.873639
2.800000 0.873639
2.850000 0.873639
2.900000 0.873639
2.950000 0.873639
3.000000 0.873639
3.050000 0.873639
3.100000 0.873639
3.150000 0.873639
3.200000 0.873639
3.250000 0.873639
3.300000 0.873639
3.350000 0.873639
3.400000 0.873639
3.450000 0.873639
3.500000 0.873639
3.550000 0.873639
3.600000 0.873639
3.650000 0.873639
3.700000 0.873639
3.750000 0.873639
3.800000 0.873639
3.850000 0.873639
3.900000 0.873639
3.950000 0.873639
4.000000 0.873639
4.050000 0.873639
4.100000 0.873639
4.150000 0.873639
4.200000 0.873639
4.250000 0.873639
4.300000 0.873639
4.350000 0.873639
4.400000 0.873639
4.450000 0.873639
4.500000 0.873639
4.550000 0.873639
4.600000 0.873639
4.650000 0.873639
4.700000 0.873639
4.750000 0.873639
4.800000 0.873639
4.850000 0.873639
4.900000 0.873639
4.950000 0.873639
5.000000 0.873639
5.050000 0.873639
5.100000 0.873639
5.150000 0.873639
5.200000 0.873639
5.250000 0.873639
5.300000 0.873639
5.350000 0.873639
5.400000 0.873639
5.450000 0.873639
5.500000 0.873640
5.550000 0.873640
5.600000 0.873640
5.650000 0.873641
5.700000 0.873643
5.750000 0.873645
5.800000 0.873648
5.850000 0.873654
5.900000 0.873662
5.950000 0.873674
6.000000 0.873692
6.050000 0.873715
6.100000 0.873747
6.150000 0.873788
6.200000 0.873838
6.250000 0.873896
6.300000 0.873960
6.350000 0.874025
6.400000 0.874082
6.450000 0.874120
6.500000 0.874124
6.550000 0.874077
6.600000 0.873961
6.650000 0.873761
6.700000 0.873470
6.750000 0.873089
6.800000 0.872633
6.850000 0.872133
6.900000 0.871640
6.950000 0.871216
7.000000 0.870933
7.050000 0.870860
7.100000 0.871057
7.150000 0.871555
7.200000 0.872350
7.250000 0.873396
7.300000 0.874606
7.350000 0.875854
7.400000 0.876997
7.450000 0.877890
7.500000 0.878412
7.550000 0.878483
7.600000 0.878084
7.650000 0.877255
7.700000 0.876097
7.750000 0.874753
7.800000 0.873387
7.850000 0.872156
7.900000 0.871188
7.950000 0.870567
8.000000 0.870321
8.050000 0.870426
8.100000 0.870814
8.150000 0.871393
8.200000 0.872062
8.250000 0.872726
8.300000 0.873314
8.350000 0.873779
8.400000 0.874102
8.450000 0.874286
8.500000 0.874354
8.550000 0.874333
8.600000 0.874256
8.650000 0.874150
8.700000 0.874038
8.750000 0.873935
8.800000 0.873847
8.850000 0.873779
8.900000 0.873729
8.950000 0.873694
9.000000 0.873671
9.050000 0.873657
9.100000 0.873649
9.150000 0.873644
9.200000 0.873641
9.250000 0.873640
9.300000 0.873640
9.350000 0.873639
9.400000 0.873639
9.450000 0.873639
9.500000 0.873639
9.550000 0.873639
9.600000 0.873639
9.650000 0.873639
9.700000 0.873639
9.750000 0.873639
9.800000 0.873639
9.850000 0.873639
9.900000 0.873639
9.950000 0.873639
10.000000 0.873639
10.050000 0.873639
10.100000 0.873639
10.150000 0.873639
10.200000 0.873639
10.250000 0.873639
10.300000 0.873639
10.350000 0.873639
10.400000 0.873639
10.450000 0.873639
10.500000 0.873639
10.550000 0.873639
10.600000 0.873639
10.650000 0.873639
10.700000 0.873639
10.750000 0.873639
10.800000 0.873639
10.850000 0.873639
10.900000 0.873639
10.950000 0.873639
11.000000 0.873639
11.050000 0.873639
11.100000 0.873639
11.150000 0.873639
11.200000 0.873639
11.250000 0.873639
11.300000 0.873639
11.350000 0.873639
11.400000 0.873639
11.450000 0.873639
11.500000 0.873639
11.550000 0.873639
11.600000 0.873639
11.650000 0.873639
11.700000 0.873639
11.750000 0.873639
11.800000 0.873639
11.850000 0.873639
11.900000 0.873639
11.950000 0.873639
12.000000 0.873639
12.050000 0.873639
12.100000 0.873639
12.150000 0.873639
12.200000 0.873639
12.250000 0.873639
12.300000 0.873639
12.350000 0.873639
12.400000 0.873639
12.450000 0.873639
12.500000 0.873639
12.550000 0.873639
12.600000 0.873639
12.650000 0.873639
12.700000 0.873639
12.750000 0.873639
12.800000 0.873639
12.850000 0.873639
12.900000 0.873639
12.950000 0.873639
13.000000 0.873638
13.050000 0.873638
13.100000 0.873637
13.150000 0.873636
13.200000 0.873634
13.250000 0.873631
13.300000 0.873627
13.350000 0.873620
13.400000 0.873611
13.450000 0.873598
13.500000 0.873581
13.550000 0.873558
13.600000 0.873528
13.650000 0.873492
13.700000 0.873448
13.750000 0.873399
13.800000 0.873346
13.850000 0.873295
13.900000 0.873252
13.950000 0.873226
14.000000 0.873228
14.050000 0.873273
14.100000 0.873374
14.150000 0.873541
14.200000 0.873784
14.250000 0.874102
14.300000 0.874485
14.350000 0.874912
14.400000 0.875347
14.450000 0.875742
14.500000 0.876039
14.550000 0.876177
14.600000 0.876101
14.650000 0.875770
14.700000 0.875168
14.750000 0.874312
14.800000 0.873259
14.850000 0.872097
14.900000 0.870947
14.950000 0.869943
15.000000 0.869214
15.050000 0.868868
15.100000 0.868967
15.150000 0.869521
15.200000 0.870477
15.250000 0.871727
15.300000 0.873124
15.350000 0.874503
15.400000 0.875703
15.450000 0.876598
15.500000 0.877109
15.550000 0.877217
15.600000 0.876958
15.650000 0.876414
15.700000 0.875694
15.750000 0.874914
15.800000 0.874179
15.850000 0.873567
15.900000 0.873122
15.950000 0.872854
16.000000 0.872748
16.050000 0.872769
16.100000 0.872873
16.150000 0.873020
16.200000 0.873176
16.250000 0.873317
16.300000 0.873432
16.350000 0.873516
16.400000 0.873573
16.450000 0.873607
16.500000 0.873626
16.550000 0.873635
16.600000 0.873639
16.650000 0.873640
16.700000 0.873640
16.750000 0.873639
16.800000 0.873639
16.850000 0.873639
16.900000 0.873639
16.950000 0.873639
17.000000 0.873639
17.050000 0.873639
17.100000 0.873639
17.150000 0.873639
17.200000 0.873639
17.250000 0.873639
17.300000 0.873639
17.350000 0.873639
17.400000 0.873639
17.450000 0.873639
17.500000 0.873639
17.550000 0.873639
17.600000 0.873639
17.650000 0.873639
17.700000 0.873639
17.750000 0.873639
17.800000 0.873639
17.850000 0.873639
17.900000 0.873639
17.950000 0.873639
18.000000 0.873639
18.050000 0.873639
18.100000 0.873639
18.150000 0.873639
18.200000 0.873639
18.250000 0.873639
18.300000 0.873639
18.350000 0.873639
18.400000 0.873639
18.450000 0.873639
18.500000 0.873639
18.550000 0.873639
18.600000 0.873639
18.650000 0.873639
18.700000 0.873639
18.750000 0.873639
18.800000 0.873639
18.850000 0.873639
18.900000 0.873639
18.950000 0.873639
19.000000 0.873639
19.050000 0.873639
19.100000 0.873639
19.150000 0.873639
19.200000 0.873639
19.250000 0.873639
19.300000 0.873639
19.350000 0.873639
19.400000 0.873639
19.450000 0.873639
19.500000 0.873639
19.550000 0.873639
19.600000 0.873639
19.650000 0.873639
19.700000 0.873639
19.750000 0.873639
19.800000 0.873639
19.850000 0.873639
19.900000 0.873639
19.950000 0.873639
20.000000 0.873639
20.050000 0.873639
20.100000 0.873639
20.150000 0.873639
20.200000 0.873639
20.250000 0.873639
20.300000 0.873639
20.350000 0.873639
20.400000 0.873640
20.450000 0.873640
20.500000 0.873640
20.550000 0.873641
20.600000 0.873642
20.650000 0.873644
20.700000 0.873646
20.750000 0.873650
20.800000 0.873655
20.850000 0.873662
20.900000 0.873671
20.950000 0.873684
21.000000 0.873701
21.050000 0.873723
21.100000 0.873751
21.150000 0.873784
21.200000 0.873822
21.250000 0.873864
21.300000 0.873908
21.350000 0.873949
21.400000 0.873982
21.450000 0.874000
21.500000 0.873992
21.550000 0.873949
21.600000 0.873859
21.650000 0.873714
21.700000 0.873507
21.750000 0.873236
21.800000 0.872909
21.850000 0.872540
21.900000 0.872158
21.950000 0.871798
22.000000 0.871508
22.050000 0.871338
22.100000 0.871339
22.150000 0.871552
22.200000 0.872001
22.250000 0.872687
22.300000 0.873581
22.350000 0.874620
22.400000 0.875711
22.450000 0.876742
22.500000 0.877590
22.550000 0.878139
22.600000 0.878303
22.650000 0.878032
22.700000 0.877334
22.750000 0.876271
22.800000 0.874955
22.850000 0.873537
22.900000 0.872180
22.950000 0.871041
23.000000 0.870242
23.050000 0.869854
23.100000 0.869889
23.150000 0.870299
23.200000 0.870989
23.250000 0.871837
23.300000 0.872713
23.350000 0.873504
23.400000 0.874128
23.450000 0.874540
23.500000 0.874739
23.550000 0.874754
23.600000 0.874634
23.650000 0.874437
23.700000 0.874215
23.750000 0.874010
23.800000 0.873845
23.850000 0.873730
23.900000 0.873661
23.950000 0.873628
24.000000 0.873618
24.050000 0.873621
24.100000 0.873628
24.150000 0.873635
24.200000 0.873639
24.250000 0.873641
24.300000 0.873641
24.350000 0.873640
24.400000 0.873639
24.450000 0.873639
24.500000 0.873639
24.550000 0.873639
24.600000 0.873639
24.650000 0.873639
24.700000 0.873639
24.750000 0.873639
24.800000 0.873639
24.850000 0.873639
24.900000 0.873639
24.950000 0.873639
25.000000 0.873639
25.050000 0.873639
25.100000 0.873639
25.150000 0.873639
25.200000 0.873639
25.250000 0.873639
25.300000 0.873639
25.350000 0.873639
25.400000 0.873639
25.450000 0.873639
25.500000 0.873639
25.550000 0.873639
25.600000 0.873639
25.650000 0.873639
25.700000 0.873639
25.750000 0.873639
25.800000 0.873639
25.850000 0.873639
25.900000 0.873639
25.950000 0.873639
26.000000 0.873639
26.050000 0.873639
26.100000 0.873639
26.150000 0.873639
26.200000 0.873639
26.250000 0.873639
26.300000 0.873639
26.350000 0.873639
26.400000 0.873639
26.450000 0.873639
26.500000 0.873639
26.550000 0.873639
26.600000 0.873639
26.650000 0.873639
26.700000 0.873639
26.750000 0.873639
26.800000 0.873639
26.850000 0.873639
26.900000 0.873639
26.950000 0.873639
27.000000 0.873639
27.050000 0.873639
27.100000 0.873639
27.150000 0.873639
27.200000 0.873639
27.250000 0.873639
27.300000 0.873639
27.350000 0.873639
27.400000 0.873639
27.450000 0.873639
27.500000 0.873639
27.550000 0.873639
27.600000 0.873639
27.650000 0.873639
27.700000 0.873639
27.750000 0.873639
27.800000 0.873639
27.850000 0.873639
27.900000 0.873639
27.950000 0.873638
28.000000 0.873638
28.050000 0.873637
28.100000 0.873635
28.150000 0.873633
28.200000 0.873631
28.250000 0.873627
28.300000 0.873621
28.350000 0.873614
28.400000 0.873604
28.450000 0.873591
28.500000 0.873574
28.550000 0.873553
28.600000 0.873528
28.650000 0.873498
28.700000 0.873465
28.750000 0.873428
28.800000 0.873391
28.850000 0.873358
28.900000 0.873333
28.950000 0.873322
29.000000 0.873333
29.050000 0.873375
29.100000 0.873456
29.150000 0.873584
29.200000 0.873765
29.250000 0.874000
29.300000 0.874283
29.350000 0.874604
29.400000 0.874942
29.450000 0.875266
29.500000 0.875541
29.550000 0.875723
29.600000 0.875768
29.650000 0.875638
29.700000 0.875305
29.750000 0.874757
29.800000 0.874009
29.850000 0.873100
29.900000 0.872099
29.950000 0.871098
30.000000 0.870204
30.050000 0.869526
30.100000 0.869163
30.150000 0.869185
30.200000 0.869621
30.250000 0.870451
30.300000 0.871601
30.350000 0.872955
30.400000 0.874363
30.450000 0.875666
30.500000 0.876714
30.550000 0.877395
30.600000 0.877646
30.650000 0.877466
30.700000 0.876913
30.750000 0.876091
30.800000 0.875134
30.850000 0.874180
30.900000 0.873350
30.950000 0.872730
31.000000 0.872362
31.050000 0.872242
31.100000 0.872327
31.150000 0.872554
31.200000 0.872850
31.250000 0.873149
31.300000 0.873403
31.350000 0.873586
31.400000 0.873693
31.450000 0.873735
31.500000 0.873731
31.550000 0.873705
31.600000 0.873672
31.650000 0.873646
31.700000 0.873631
31.750000 0.873626
31.800000 0.873628
31.850000 0.873633
31.900000 0.873637
31.950000 0.873641
32.000000 0.873642
32.050000 0.873641
32.100000 0.873640
32.150000 0.873639
32.200000 0.873639
32.250000 0.873639
32.300000 0.873639
32.350000 0.873639
32.400000 0.873639
32.450000 0.873639
32.500000 0.873639
32.550000 0.873639
32.600000 0.873639
32.650000 0.873639
32.700000 0.873639
32.750000 0.873639
32.800000 0.873639
32.850000 0.873639
32.900000 0.873639
32.950000 0.873639
33.000000 0.873639
33.050000 0.873639
33.100000 0.873639
33.150000 0.873639
33.200000 0.873639
33.250000 0.873639
33.300000 0.873639
33.350000 0.873639
33.400000 0.873639
33.450000 0.873639
33.500000 0.873639
33.550000 0.873639
33.600000 0.873639
33.650000 0.873639
33.700000 0.873639
33.750000 0.873639
33.800000 0.873639
33.850000 0.873639
33.900000 0.873639
33.950000 0.873639
34.000000 0.873639
34.050000 0.873639
34.100000 0.873639
34.150000 0.873639
34.200000 0.873639
34.250000 0.873639
34.300000 0.873639
34.350000 0.873639
34.400000 0.873639
34.450000 0.873639
34.500000 0.873639
34.550000 0.873639
34.600000 0.873639
34.650000 0.873639
34.700000 0.873639
34.750000 0.873639
34.800000 0.873639
34.850000 0.873639
34.900000 0.873639
34.950000 0.873639
35.000000 0.873639
35.050000 0.873639
35.100000 0.873639
35.150000 0.873639
35.200000 0.873639
35.250000 0.873639
35.300000 0.873640
35.350000 0.873640
35.400000 0.873640
35.450000 0.873641
35.500000 0.873641
35.550000 0.873642
35.600000 0.873644
35.650000 0.873646
35.700000 0.873649
35.750000 0.873653
35.800000 0.873659
35.850000 0.873667
35.900000 0.873677
35.950000 0.873690
36.000000 0.873706
36.050000 0.873725
36.100000 0.873749
36.150000 0.873776
36.200000 0.873806
36.250000 0.873837
36.300000 0.873869
36.350000 0.873896
36.400000 0.873915
36.450000 0.873921
36.500000 0.873907
36.550000 0.873867
36.600000 0.873792
36.650000 0.873677
36.700000 0.873517
36.750000 0.873311
36.800000 0.873062
36.850000 0.872779
36.900000 0.872480
36.950000 0.872187
37.000000 0.871931
37.050000 0.871748
37.100000 0.871675
37.150000 0.871748
37.200000 0.871995
37.250000 0.872433
37.300000 0.873057
37.350000 0.873843
37.400000 0.874742
37.450000 0.875683
37.500000 0.876575
37.550000 0.877318
37.600000 0.877818
37.650000 0.877992
37.700000 0.877789
37.750000 0.877198
37.800000 0.876254
37.850000 0.875038
37.900000 0.873673
37.950000 0.872304
38.000000 0.871086
38.050000 0.870154
38.100000 0.869612
38.150000 0.869509
38.200000 0.869834
38.250000 0.870522
38.300000 0.871458
38.350000 0.872502
38.400000 0.873510
38.450000 0.874358
38.500000 0.874956
38.550000 0.875268
38.600000 0.875303
38.650000 0.875114
38.700000 0.874778
38.750000 0.874382
38.800000 0.874006
38.850000 0.873705
38.900000 0.873508
38.950000 0.873417
39.000000 0.873413
39.050000 0.873465
39.100000 0.873539
39.150000 0.873609
39.200000 0.873659
39.250000 0.873682
39.300000 0.873683
39.350000 0.873671
39.400000 0.873653
39.450000 0.873639
39.500000 0.873630
39.550000 0.873629
39.600000 0.873631
39.650000 0.873636
39.700000 0.873640
39.750000 0.873642
39.800000 0.873642
39.850000 0.873641
39.900000 0.873640
39.950000 0.873639
40.000000 0.873638
40.050000 0.873639
40.100000 0.873639
40.150000 0.873639
40.200000 0.873639
40.250000 0.873639
40.300000 0.873639
40.350000 0.873639
40.400000 0.873639
40.450000 0.873639
40.500000 0.873639
40.550000 0.873639
40.600000 0.873639
40.650000 0.873639
40.700000 0.873639
40.750000 0.873639
40.800000 0.873639
40.850000 0.873639
40.900000 0.873639
40.950000 0.873639
41.000000 0.873639
41.050000 0.873639
41.100000 0.873639
41.150000 0.873639
41.200000 0.873639
41.250000 0.873639
41.300000 0.873639
41.350000 0.873639
41.400000 0.873639
41.450000 0.873639
41.500000 0.873639
41.550000 0.873639
41.600000 0.873639
41.650000 0.873639
41.700000 0.873639
41.750000 0.873639
41.800000 0.873639
41.850000 0.873639
41.900000 0.873639
41.950000 0.873639
42.000000 0.873639
42.050000 0.873639
42.100000 0.873639
42.150000 0.873639
42.200000 0.873639
42.250000 0.873639
42.300000 0.873639
42.350000 0.873639
42.400000 0.873639
42.450000 0.873639
42.500000 0.873639
42.550000 0.873639
42.600000 0.873639
42.650000 0.873639
42.700000 0.873639
42.750000 0.873639
42.800000 0.873639
42.850000 0.873638
42.900000 0.873638
42.950000 0.873637
43.000000 0.873636
43.050000 0.873635
43.100000 0.873633
43.150000 0.873631
43.200000 0.873628
43.250000 0.873623
43.300000 0.873617
43.350000 0.873609
43.400000 0.873600
43.450000 0.873587
43.500000 0.873572
43.550000 0.873553
43.600000 0.873531
43.650000 0.873507
43.700000 0.873480
43.750000 0.873453
43.800000 0.873426
43.850000 0.873404
43.900000 0.873389
43.950000 0.873387
44.000000 0.873403
44.050000 0.873442
44.100000 0.873512
44.150000 0.873616
44.200000 0.873760
44.250000 0.873943
44.300000 0.874164
44.350000 0.874415
44.400000 0.874682
44.450000 0.874947
44.500000 0.875183
44.550000 0.875362
44.600000 0.875451
44.650000 0.875417
44.700000 0.875234
44.750000 0.874883
44.800000 0.874362
44.850000 0.873685
44.900000 0.872885
44.950000 0.872019
45.000000 0.871160
45.050000 0.870394
45.100000 0.869811
45.150000 0.869494
45.200000 0.869506
45.250000 0.869881
45.300000 0.870612
45.350000 0.871650
45.400000 0.872906
45.450000 0.874256
45.500000 0.875558
45.550000 0.876667
45.600000 0.877459
45.650000 0.877847
45.700000 0.877794
45.750000 0.877324
45.800000 0.876513
45.850000 0.875481
45.900000 0.874374
45.950000 0.873338
46.000000 0.872497
46.050000 0.871939
46.100000 0.871696
46.150000 0.871753
46.200000 0.872047
46.250000 0.872488
46.300000 0.872979
46.350000 0.873428
46.400000 0.873772
46.450000 0.873978
46.500000 0.874047
46.550000 0.874006
46.600000 0.873896
46.650000 0.873765
46.700000 0.873648
46.750000 0.873570
46.800000 0.873537
46.850000 0.873543
46.900000 0.873574
46.950000 0.873613
47.000000 0.873646
47.050000 0.873665
47.100000 0.873669
47.150000 0.873662
47.200000 0.873650
47.250000 0.873639
47.300000 0.873632
47.350000 0.873630
47.400000 0.873632
47.450000 0.873636
47.500000 0.873640
47.550000 0.873642
47.600000 0.873642
47.650000 0.873641
47.700000 0.873640
47.750000 0.873639
47.800000 0.873638
47.850000 0.873638
47.900000 0.873639
47.950000 0.873639
48.000000 0.873640
48.050000 0.873640
48.100000 0.873639
48.150000 0.873639
48.200000 0.873639
48.250000 0.873639
48.300000 0.873639
48.350000 0.873639
48.400000 0.873639
48.450000 0.873639
48.500000 0.873639
48.550000 0.873639
48.600000 0.873639
48.650000 0.873639
48.700000 0.873639
48.750000 0.873639
48.800000 0.873639
48.850000 0.873639
48.900000 0.873639
48.950000 0.873639
49.000000 0.873639
49.050000 0.873639
49.100000 0.873639
49.150000 0.873639
49.200000 0.873639
49.250000 0.873639
49.300000 0.873639
49.350000 0.873639
49.400000 0.873639
49.450000 0.873639
49.500000 0.873639
49.550000 0.873639
49.600000 0.873639
49.650000 0.873639
49.700000 0.873639
49.750000 0.873639
49.800000 0.873639
49.850000 0.873639
49.900000 0.873639
49.950000 0.873639
50.000000 0.873639
