0.050000 0.005690
0.100000 0.005421
0.150000 0.005174
0.200000 0.004946
0.250000 0.004734
0.300000 0.004535
0.350000 0.004348
0.400000 0.004171
0.450000 0.004001
0.500000 0.003837
0.550000 0.003678
0.600000 0.003522
0.650000 0.003371
0.700000 0.003222
0.750000 0.003077
0.800000 0.002936
0.850000 0.002799
0.900000 0.002667
0.950000 0.002540
1.000000 0.002418
1.050000 0.002302
1.100000 0.002191
1.150000 0.002085
1.200000 0.001984
1.250000 0.001888
1.300000 0.001796
1.350000 0.001709
1.400000 0.001626
1.450000 0.001547
1.500000 0.001472
1.550000 0.001400
1.600000 0.001332
1.650000 0.001268
1.700000 0.001207
1.750000 0.001149
1.800000 0.001094
1.850000 0.001042
1.900000 0.000992
1.950000 0.000945
2.000000 0.000901
2.050000 0.000858
2.100000 0.000818
2.150000 0.000781
2.200000 0.000744
2.250000 0.000710
2.300000 0.000678
2.350000 0.000647
2.400000 0.000617
2.450000 0.000589
2.500000 0.000562
2.550000 0.000536
2.600000 0.000512
2.650000 0.000488
2.700000 0.000465
2.750000 0.000444
2.800000 0.000423
2.850000 0.000404
2.900000 0.000385
2.950000 0.000367
3.000000 0.000350
3.050000 0.000333
3.100000 0.000318
3.150000 0.000303
3.200000 0.000289
3.250000 0.000276
3.300000 0.000263
3.350000 0.000251
3.400000 0.000239
3.450000 0.000228
3.500000 0.000218
3.550000 0.000208
3.600000 0.000198
3.650000 0.000189
3.700000 0.000180
3.750000 0.000171
3.800000 0.000163
3.850000 0.000155
3.900000 0.000147
3.950000 0.000140
4.000000 0.000132
4.050000 0.000125
4.100000 0.000118
4.150000 0.000111
4.200000 0.000105
4.250000 0.000098
4.300000 0.000092
4.350000 0.000086
4.400000 0.000081
4.450000 0.000075
4.500000 0.000070
4.550000 0.000065
4.600000 0.000061
4.650000 0.000056
4.700000 0.000053
4.750000 0.000049
4.800000 0.000046
4.850000 0.000043
4.900000 0.000041
4.950000 0.000039
5.000000 0.000038
5.050000 0.000037
5.100000 0.000036
5.150000 0.000035
5.200000 0.000034
5.250000 0.000034
5.300000 0.000033
5.350000 0.000033
5.400000 0.000032
5.450000 0.000031
5.500000 0.000030
5.550000 0.000029
5.600000 0.000028
5.650000 0.000027
5.700000 0.000025
5.750000 0.000024
5.800000 0.000022
5.850000 0.000021
5.900000 0.000020
5.950000 0.000018
6.000000 0.000017
6.050000 0.000016
6.100000 0.000015
6.150000 0.000014
6.200000 0.000014
6.250000 0.000013
6.300000 0.000012
6.350000 0.000012
6.400000 0.000011
6.450000 0.000011
6.500000 0.000010
6.550000 0.000010
6.600000 0.000010
6.650000 0.000009
6.700000 0.000009
6.750000 0.000008
6.800000 0.000008
6.850000 0.000008
6.900000 0.000007
6.950000 0.000007
7.000000 0.000007
7.050000 0.000006
7.100000 0.000006
7.150000 0.000006
7.200000 0.000006
7.250000 0.000006
7.300000 0.000006
7.350000 0.000005
7.400000 0.000005
7.450000 0.000005
7.500000 0.000005
7.550000 0.000005
7.600000 0.000005
7.650000 0.000005
7.700000 0.000004
7.750000 0.000004
7.800000 0.000004
7.850000 0.000004
7.900000 0.000004
7.950000 0.000004
8.000000 0.000004
8.050000 0.000004
8.100000 0.000004
8.150000 0.000003
8.200000 0.000003
8.250000 0.000003
8.300000 0.000003
8.350000 0.000003
8.400000 0.000003
8.450000 0.000003
8.500000 0.000003
8.550000 0.000003
8.600000 0.000003
8.650000 0.000003
8.700000 0.000003
8.750000 0.000003
8.800000 0.000003
8.850000 0.000003
8.900000 0.000003
8.950000 0.000003
9.000000 0.000002
9.050000 0.000002
9.100000 0.000002
9.150000 0.000002
9.200000 0.000002
9.250000 0.000002
9.300000 0.000002
9.350000 0.000002
9.400000 0.000002
9.450000 0.000002
9.500000 0.000002
9.550000 0.000002
9.600000 0.000002
9.650000 0.000002
9.700000 0.000002
9.750000 0.000002
9.800000 0.000002
9.850000 0.000002
9.900000 0.000002
9.950000 0.000002
10.000000 0.000002
10.050000 0.000002
10.100000 0.000002
10.150000 0.000002
10.200000 0.000002
10.250000 0.000002
10.300000 0.000002
10.350000 0.000002
10.400000 0.000002
10.450000 0.000002
10.500000 0.000002
10.550000 0.000002
10.600000 0.000002
10.650000 0.000002
10.700000 0.000002
10.750000 0.000002
10.800000 0.000002
10.850000 0.000002
10.900000 0.000002
10.950000 0.000002
11.000000 0.000002
11.050000 0.000002
11.100000 0.000002
11.150000 0.000002
11.200000 0.000002
11.250000 0.000002
11.300000 0.000002
11.350000 0.000002
11.400000 0.000002
11.450000 0.000002
11.500000 0.000002
11.550000 0.000002
11.600000 0.000002
11.650000 0.000001
11.700000 0.000001
11.750000 0.000001
11.800000 0.000001
11.850000 0.000001
11.900000 0.000001
11.950000 0.000001
12.000000 0.000001
12.050000 0.000001
12.100000 0.000001
12.150000 0.000001
12.200000 0.000001
12.250000 0.000001
12.300000 0.000001
12.350000 0.000001
12.400000 0.000001
12.450000 0.000001
12.500000 0.000001
12.550000 0.000001
12.600000 0.000001
12.650000 0.000001
12.700000 0.000001
12.750000 0.000001
12.800000 0.000001
12.850000 0.000001
12.900000 0.000001
12.950000 0.000001
13.000000 0.000001
13.050000 0.000001
13.100000 0.000001
13.150000 0.000001
13.200000 0.000001
13.250000 0.000001
13.300000 0.000001
13.350000 0.000001
13.400000 0.000001
13.450000 0.000001
13.500000 0.000001
13.550000 0.000001
13.600000 0.000001
13.650000 0.000001
13.700000 0.000001
13.750000 0.000001
13.800000 0.000001
13.850000 0.000001
13.900000 0.000001
13.950000 0.000001
14.000000 0.000001
14.050000 0.000001
14.100000 0.000001
14.150000 0.000001
14.200000 0.000001
14.250000 0.000001
14.300000 0.000001
14.350000 0.000001
14.400000 0.000001
14.450000 0.000001
14.500000 0.000001
14.550000 0.000001
14.600000 0.000001
14.650000 0.000001
14.700000 0.000001
14.750000 0.000001
14.800000 0.000001
14.850000 0.000001
14.900000 0.000001
14.950000 0.000001
15.000000 0.000001
15.050000 0.000001
15.100000 0.000001
15.150000 0.000001
15.200000 0.000001
15.250000 0.000001
15.300000 0.000001
15.350000 0.000001
15.400000 0.000001
15.450000 0.000001
15.500000 0.000001
15.550000 0.000001
15.600000 0.000001
15.650000 0.000001
15.700000 0.000001
15.750000 0.000001
15.800000 0.000001
15.850000 0.000001
15.900000 0.000001
15.950000 0.000001
16.000000 0.000001
16.050000 0.000001
16.100000 0.000001
16.150000 0.000001
16.200000 0.000001
16.250000 0.000001
16.300000 0.000001
16.350000 0.000001
16.400000 0.000001
16.450000 0.000001
16.500000 0.000001
16.550000 0.000001
16.600000 0.000001
16.650000 0.000001
16.700000 0.000001
16.750000 0.000001
16.800000 0.000001
16.850000 0.000001
16.900000 0.000001
16.950000 0.000001
17.000000 0.000001
17.050000 0.000001
17.100000 0.000001
17.150000 0.000001
17.200000 0.000001
17.250000 0.000001
17.300000 0.000001
17.350000 0.000001
17.400000 0.000001
17.450000 0.000001
17.500000 0.000001
17.550000 0.000001
17.600000 0.000001
17.650000 0.000001
17.700000 0.000001
17.750000 0.000001
17.800000 0.000001
17.850000 0.000001
17.900000 0.000001
17.950000 0.000001
18.000000 0.000001
18.050000 0.000001
18.100000 0.000001
18.150000 0.000001
18.200000 0.000001
18.250000 0.000001
18.300000 0.000001
18.350000 0.000001
18.400000 0.000001
18.450000 0.000001
18.500000 0.000001
18.550000 0.000001
18.600000 0.000001
18.650000 0.000001
18.700000 0.000001
18.750000 0.000001
18.800000 0.000001
18.850000 0.000001
18.900000 0.000001
18.950000 0.000001
19.000000 0.000001
19.050000 0.000001
19.100000 0.000001
19.150000 0.000001
19.200000 0.000001
19.250000 0.000001
19.300000 0.000001
19.350000 0.000001
19.400000 0.000001
19.450000 0.000001
19.500000 0.000001
19.550000 0.000001
19.600000 0.000001
19.650000 0.000001
19.700000 0.000001
19.750000 0.000001
19.800000 0.000001
19.850000 0.000001
19.900000 0.000001
19.950000 0.000001
20.000000 0.000001
20.050000 0.000001
20.100000 0.000001
20.150000 0.000001
20.200000 0.000001
20.250000 0.000001
20.300000 0.000001
20.350000 0.000001
20.400000 0.000001
20.450000 0.000001
20.500000 0.000001
20.550000 0.000001
20.600000 0.000001
20.650000 0.000001
20.700000 0.000001
20.750000 0.000001
20.800000 0.000001
20.850000 0.000001
20.900000 0.000001
20.950000 0.000001
21.000000 0.000001
21.050000 0.000001
21.100000 0.000001
21.150000 0.000001
21.200000 0.000001
21.250000 0.000001
21.300000 0.000001
21.350000 0.000001
21.400000 0.000001
21.450000 0.000001
21.500000 0.000001
21.550000 0.000001
21.600000 0.000001
21.650000 0.000001
21.700000 0.000001
21.750000 0.000001
21.800000 0.000001
21.850000 0.000001
21.900000 0.000001
21.950000 0.000001
22.000000 0.000001
22.050000 0.000001
22.100000 0.000001
22.150000 0.000001
22.200000 0.000001
22.250000 0.000001
22.300000 0.000001
22.350000 0.000001
22.400000 0.000001
22.450000 0.000001
22.500000 0.000001
22.550000 0.000001
22.600000 0.000001
22.650000 0.000001
22.700000 0.000001
22.750000 0.000001
22.800000 0.000001
22.850000 0.000001
22.900000 0.000001
22.950000 0.000001
23.000000 0.000001
23.050000 0.000001
23.100000 0.000001
23.150000 0.000001
23.200000 0.000001
23.250000 0.000001
23.300000 0.000000
23.350000 0.000000
23.400000 0.000000
23.450000 0.000000
23.500000 0.000000
23.550000 0.000000
23.600000 0.000000
23.650000 0.000000
23.700000 0.000000
23.750000 0.000000
23.800000 0.000000
23.850000 0.000000
23.900000 0.000000
23.950000 0.000000
24.000000 0.000000
24.050000 0.000000
24.100000 0.000000
24.150000 0.000000
24.200000 0.000000
24.250000 0.000000
24.300000 0.000000
24.350000 0.000000
24.400000 0.000000
24.450000 0.000000
24.500000 0.000000
24.550000 0.000000
24.600000 0.000000
24.650000 0.000000
24.700000 0.000000
24.750000 0.000000
24.800000 0.000000
24.850000 0.000000
24.900000 0.000000
24.950000 0.000000
25.000000 0.000000
25.050000 0.000000
25.100000 0.000000
25.150000 0.000000
25.200000 0.000000
25.250000 0.000000
25.300000 0.000000
25.350000 0.000000
25.400000 0.000000
25.450000 0.000000
25.500000 0.000000
25.550000 0.000000
25.600000 0.000000
25.650000 0.000000
25.700000 0.000000
25.750000 0.000000
25.800000 0.000000
25.850000 0.000000
25.900000 0.000000
25.950000 0.000000
26.000000 0.000000
26.050000 0.000000
26.100000 0.000000
26.150000 0.000000
26.200000 0.000000
26.250000 0.000000
26.300000 0.000000
26.350000 0.000000
26.400000 0.000000
26.450000 0.000000
26.500000 0.000000
26.550000 0.000000
26.600000 0.000000
26.650000 0.000000
26.700000 0.000000
26.750000 0.000000
26.800000 0.000000
26.850000 0.000000
26.900000 0.000000
26.950000 0.000000
27.000000 0.000000
27.050000 0.000000
27.100000 0.000000
27.150000 0.000000
27.200000 0.000000
27.250000 0.000000
27.300000 0.000000
27.350000 0.000000
27.400000 0.000000
27.450000 0.000000
27.500000 0.000000
27.550000 0.000000
27.600000 0.000000
27.650000 0.000000
27.700000 0.000000
27.750000 0.000000
27.800000 0.000000
27.850000 0.000000
27.900000 0.000000
27.950000 0.000000
28.000000 0.000000
28.050000 0.000000
28.100000 0.000000
28.150000 0.000000
28.200000 0.000000
28.250000 0.000000
28.300000 0.000000
28.350000 0.000000
28.400000 0.000000
28.450000 0.000000
28.500000 0.000000
28.550000 0.000000
28.600000 0.000000
28.650000 0.000000
28.700000 0.000000
28.750000 0.000000
28.800000 0.000000
28.850000 0.000000
28.900000 0.000000
28.950000 0.000000
29.000000 0.000000
29.050000 0.000000
29.100000 0.000000
29.150000 0.000000
29.200000 0.000000
29.250000 0.000000
29.300000 0.000000
29.350000 0.000000
29.400000 0.000000
29.450000 0.000000
29.500000 0.000000
29.550000 0.000000
29.600000 0.000000
29.650000 0.000000
29.700000 0.000000
29.750000 0.000000
29.800000 0.000000
29.850000 0.000000
29.900000 0.000000
29.950000 0.000000
30.000000 0.000000
30.050000 0.000000
30.100000 0.000000
30.150000 0.000000
30.200000 0.000000
30.250000 0.000000
30.300000 0.000000
30.350000 0.000000
30.400000 0.000000
30.450000 0.000000
30.500000 0.000000
30.550000 0.000000
30.600000 0.000000
30.650000 0.000000
30.700000 0.000000
30.750000 0.000000
30.800000 0.000000
30.850000 0.000000
30.900000 0.000000
30.950000 0.000000
31.000000 0.000000
31.050000 0.000000
31.100000 0.000000
31.150000 0.000000
31.200000 0.000000
31.250000 0.000000
31.300000 0.000000
31.350000 0.000000
31.400000 0.000000
31.450000 0.000000
31.500000 0.000000
31.550000 0.000000
31.600000 0.000000
31.650000 0.000000
31.700000 0.000000
31.750000 0.000000
31.800000 0.000000
31.850000 0.000000
31.900000 0.000000
31.950000 0.000000
32.000000 0.000000
32.050000 0.000000
32.100000 0.000000
32.150000 0.000000
32.200000 0.000000
32.250000 0.000000
32.300000 0.000000
32.350000 0.000000
32.400000 0.000000
32.450000 0.000000
32.500000 0.000000
32.550000 0.000000
32.600000 0.000000
32.650000 0.000000
32.700000 0.000000
32.750000 0.000000
32.800000 0.000000
32.850000 0.000000
32.900000 0.000000
32.950000 0.000000
33.000000 0.000000
33.050000 0.000000
33.100000 0.000000
33.150000 0.000000
33.200000 0.000000
33.250000 0.000000
33.300000 0.000000
33.350000 0.000000
33.400000 0.000000
33.450000 0.000000
33.500000 0.000000
33.550000 0.000000
33.600000 0.000000
33.650000 0.000000
33.700000 0.000000
33.750000 0.000000
33.800000 0.000000
33.850000 0.000000
33.900000 0.000000
33.950000 0.000000
34.000000 0.000000
34.050000 0.000000
34.100000 0.000000
34.150000 0.000000
34.200000 0.000000
34.250000 0.000000
34.300000 0.000000
34.350000 0.000000
34.400000 0.000000
34.450000 0.000000
34.500000 0.000000
34.550000 0.000000
34.600000 0.000000
34.650000 0.000000
34.700000 0.000000
34.750000 0.000000
34.800000 0.000000
34.850000 0.000000
34.900000 0.000000
34.950000 0.000000
35.000000 0.000000
35.050000 0.000000
35.100000 0.000000
35.150000 0.000000
35.200000 0.000000
35.250000 0.000000
35.300000 0.000000
35.350000 0.000000
35.400000 0.000000
35.450000 0.000000
35.500000 0.000000
35.550000 0.000000
35.600000 0.000000
35.650000 0.000000
35.700000 0.000000
35.750000 0.000000
35.800000 0.000000
35.850000 0.000000
35.900000 0.000000
35.950000 0.000000
36.000000 0.000000
36.050000 0.000000
36.100000 0.000000
36.150000 0.000000
36.200000 0.000000
36.250000 0.000000
36.300000 0.000000
36.350000 0.000000
36.400000 0.000000
36.450000 0.000000
36.500000 0.000000
36.550000 0.000000
36.600000 0.000000
36.650000 0.000000
36.700000 0.000000
36.750000 0.000000
36.800000 0.000000
36.850000 0.000000
36.900000 0.000000
36.950000 0.000000
37.000000 0.000000
37.050000 0.000000
37.100000 0.000000
37.150000 0.000000
37.200000 0.000000
37.250000 0.000000
37.300000 0.000000
37.350000 0.000000
37.400000 0.000000
37.450000 0.000000
37.500000 0.000000
37.550000 0.000000
37.600000 0.000000
37.650000 0.000000
37.700000 0.000000
37.750000 0.000000
37.800000 0.000000
37.850000 0.000000
37.900000 0.000000
37.950000 0.000000
38.000000 0.000000
38.050000 0.000000
38.100000 0.000000
38.150000 0.000000
38.200000 0.000000
38.250000 0.000000
38.300000 0.000000
38.350000 0.000000
38.400000 0.000000
38.450000 0.000000
38.500000 0.000000
38.550000 0.000000
38.600000 0.000000
38.650000 0.000000
38.700000 0.000000
38.750000 0.000000
38.800000 0.000000
38.850000 0.000000
38.900000 0.000000
38.950000 0.000000
39.000000 0.000000
39.050000 0.000000
39.100000 0.000000
39.150000 0.000000
39.200000 0.000000
39.250000 0.000000
39.300000 0.000000
39.350000 0.000000
39.400000 0.000000
39.450000 0.000000
39.500000 0.000000
39.550000 0.000000
39.600000 0.000000
39.650000 0.000000
39.700000 0.000000
39.750000 0.000000
39.800000 0.000000
39.850000 0.000000
39.900000 0.000000
39.950000 0.000000
40.000000 0.000000
40.050000 0.000000
40.100000 0.000000
40.150000 0.000000
40.200000 0.000000
40.250000 0.000000
40.300000 0.000000
40.350000 0.000000
40.400000 0.000000
40.450000 0.000000
40.500000 0.000000
40.550000 0.000000
40.600000 0.000000
40.650000 0.000000
40.700000 0.000000
40.750000 0.000000
40.800000 0.000000
40.850000 0.000000
40.900000 0.000000
40.950000 0.000000
41.000000 0.000000
41.050000 0.000000
41.100000 0.000000
41.150000 0.000000
41.200000 0.000000
41.250000 0.000000
41.300000 0.000000
41.350000 0.000000
41.400000 0.000000
41.450000 0.000000
41.500000 0.000000
41.550000 0.000000
41.600000 0.000000
41.650000 0.000000
41.700000 0.000000
41.750000 0.000000
41.800000 0.000000
41.850000 0.000000
41.900000 0.000000
41.950000 0.000000
42.000000 0.000000
42.050000 0.000000
42.100000 0.000000
42.150000 0.000000
42.200000 0.000000
42.250000 0.000000
42.300000 0.000000
42.350000 0.000000
42.400000 0.000000
42.450000 0.000000
42.500000 0.000000
42.550000 0.000000
42.600000 0.000000
42.650000 0.000000
42.700000 0.000000
42.750000 0.000000
42.800000 0.000000
42.850000 0.000000
42.900000 0.000000
42.950000 0.000000
43.000000 0.000000
43.050000 0.000000
43.100000 0.000000
43.150000 0.000000
43.200000 0.000000
43.250000 0.000000
43.300000 0.000000
43.350000 0.000000
43.400000 0.000000
43.450000 0.000000
43.500000 0.000000
43.550000 0.000000
43.600000 0.000000
43.650000 0.000000
43.700000 0.000000
43.750000 0.000000
43.800000 0.000000
43.850000 0.000000
43.900000 0.000000
43.950000 0.000000
44.000000 0.000000
44.050000 0.000000
44.100000 0.000000
44.150000 0.000000
44.200000 0.000000
44.250000 0.000000
44.300000 0.000000
44.350000 0.000000
44.400000 0.000000
44.450000 0.000000
44.500000 0.000000
44.550000 0.000000
44.600000 0.000000
44.650000 0.000000
44.700000 0.000000
44.750000 0.000000
44.800000 0.000000
44.850000 0.000000
44.900000 0.000000
44.950000 0.000000
45.000000 0.000000
45.050000 0.000000
45.100000 0.000000
45.150000 0.000000
45.200000 0.000000
45.250000 0.000000
45.300000 0.000000
45.350000 0.000000
45.400000 0.000000
45.450000 0.000000
45.500000 0.000000
45.550000 0.000000
45.600000 0.000000
45.650000 0.000000
45.700000 0.000000
45.750000 0.000000
45.800000 0.000000
45.850000 0.000000
45.900000 0.000000
45.950000 0.000000
46.000000 0.000000
46.050000 0.000000
46.100000 0.000000
46.150000 0.000000
46.200000 0.000000
46.250000 0.000000
46.300000 0.000000
46.350000 0.000000
46.400000 0.000000
46.450000 0.000000
46.500000 0.000000
46.550000 0.000000
46.600000 0.000000
46.650000 0.000000
46.700000 0.000000
46.750000 0.000000
46.800000 0.000000
46.850000 0.000000
46.900000 0.000000
46.950000 0.000000
47.000000 0.000000
47.050000 0.000000
47.100000 0.000000
47.150000 0.000000
47.200000 0.000000
47.250000 0.000000
47.300000 0.000000
47.350000 0.000000
47.400000 0.000000
47.450000 0.000000
47.500000 0.000000
47.550000 0.000000
47.600000 0.000000
47.650000 0.000000
47.700000 0.000000
47.750000 0.000000
47.800000 0.000000
47.850000 0.000000
47.900000 0.000000
47.950000 0.000000
48.000000 0.000000
48.050000 0.000000
48.100000 0.000000
48.150000 0.000000
48.200000 0.000000
48.250000 0.000000
48.300000 0.000000
48.350000 0.000000
48.400000 0.000000
48.450000 0.000000
48.500000 0.000000
48.550000 0.000000
48.600000 0.000000
48.650000 0.000000
48.700000 0.000000
48.750000 0.000000
48.800000 0.000000
48.850000 0.000000
48.900000 0.000000
48.950000 0.000000
49.000000 0.000000
49.050000 0.000000
49.100000 0.000000
49.150000 0.000000
49.200000 0.000000
49.250000 0.000000
49.300000 0.000000
49.350000 0.000000
49.400000 0.000000
49.450000 0.000000
49.500000 0.000000
49.550000 0.000000
49.600000 0.000000
49.650000 0.000000
49.700000 0.000000
49.750000 0.000000
49.800000 0.000000
49.850000 0.000000
49.900000 0.000000
49.950000 0.000000
50.000000 0.000000
