0 0 40.000000 
0 1 40.000000 
0 2 40.000000 
0 3 40.000000 
0 4 40.000000 
0 5 40.000000 
0 6 40.000000 
0 7 40.000000 
0 8 40.000000 
0 9 40.000000 
0 10 40.000000 
0 11 40.000000 
0 12 40.000000 
0 13 40.000000 
0 14 40.000000 
0 15 40.000000 
0 16 40.000000 
0 17 40.000000 
0 18 40.000000 
0 19 40.000000 
0 20 40.000000 
0 21 40.000000 
0 22 40.000000 
0 23 40.000000 
0 24 40.000000 
0 25 40.000000 
0 26 40.000000 
0 27 40.000000 
0 28 40.000000 
0 29 40.000000 
0 30 40.000000 
0 31 40.000000 
0 32 40.000000 
0 33 40.000000 
0 34 40.000000 
0 35 40.000000 
0 36 40.000000 
0 37 40.000000 
0 38 40.000000 
0 39 40.000000 

1 0 17.013719 
1 1 27.221950 
1 2 31.557159 
1 3 33.751945 
1 4 35.034873 
1 5 35.868602 
1 6 36.452499 
1 7 36.883601 
1 8 37.214195 
1 9 37.474844 
1 10 37.684587 
1 11 37.855901 
1 12 37.997292 
1 13 38.114747 
1 14 38.212584 
1 15 38.293982 
1 16 38.361309 
1 17 38.416345 
1 18 38.460424 
1 19 38.494539 
1 20 38.519401 
1 21 38.535490 
1 22 38.543080 
1 23 38.542247 
1 24 38.532879 
1 25 38.514653 
1 26 38.487013 
1 27 38.449120 
1 28 38.399777 
1 29 38.337309 
1 30 38.259380 
1 31 38.162698 
1 32 38.042521 
1 33 37.891803 
1 34 37.699602 
1 35 37.447920 
1 36 37.104783 
1 37 36.607489 
1 38 35.817076 
1 39 34.379473 

2 0 12.698209 
2 1 20.317134 
2 2 25.255034 
2 3 28.416116 
2 4 30.519391 
2 5 31.987555 
2 6 33.058386 
2 7 33.868372 
2 8 34.499067 
2 9 35.001387 
2 10 35.408459 
2 11 35.742640 
2 12 36.019491 
2 13 36.250131 
2 14 36.442675 
2 15 36.603144 
2 16 36.736058 
2 17 36.844827 
2 18 36.932025 
2 19 36.999565 
2 20 37.048830 
2 21 37.080751 
2 22 37.095861 
2 23 37.094316 
2 24 37.075900 
2 25 37.039999 
2 26 36.985548 
2 27 36.910946 
2 28 36.813914 
2 29 36.691289 
2 30 36.538695 
2 31 36.350039 
2 32 36.116695 
2 33 35.826156 
2 34 35.459707 
2 35 34.988265 
2 36 34.364641 
2 37 33.508957 
2 38 32.282140 
2 39 30.447484 

3 0 10.058604 
3 1 16.093767 
3 2 20.730308 
3 3 24.138831 
3 4 26.639907 
3 5 28.504877 
3 6 29.926298 
3 7 31.033756 
3 8 31.913770 
3 9 32.624761 
3 10 33.206930 
3 11 33.688531 
3 12 34.089832 
3 13 34.425644 
3 14 34.706968 
3 15 34.942075 
3 16 35.137239 
3 17 35.297238 
3 18 35.425697 
3 19 35.525330 
3 20 35.598106 
3 21 35.645356 
3 22 35.667848 
3 23 35.665818 
3 24 35.638970 
3 25 35.586448 
3 26 35.506768 
3 27 35.397704 
3 28 35.256109 
3 29 35.077653 
3 30 34.856430 
3 31 34.584359 
3 32 34.250279 
3 33 33.838547 
3 34 33.326844 
3 35 32.682730 
3 36 31.858386 
3 37 30.783271 
3 38 29.356634 
3 39 27.450259 

4 0 8.293533 
4 1 13.269653 
4 2 17.434468 
4 3 20.770089 
4 4 23.397857 
4 5 25.467293 
4 6 27.109937 
4 7 28.428554 
4 8 29.499666 
4 9 30.379321 
4 10 31.108518 
4 11 31.717444 
4 12 32.228544 
4 13 32.658681 
4 14 33.020652 
4 15 33.324248 
4 16 33.577000 
4 17 33.784703 
4 18 33.951798 
4 19 34.081629 
4 20 34.176641 
4 21 34.238498 
4 22 34.268167 
4 23 34.265961 
4 24 34.231536 
4 25 34.163864 
4 26 34.061153 
4 27 33.920728 
4 28 33.738840 
4 29 33.510389 
4 30 33.228531 
4 31 32.884105 
4 32 32.464817 
4 33 31.954088 
4 34 31.329431 
4 35 30.560315 
4 36 29.605632 
4 37 28.411667 
4 38 26.913243 
4 39 25.044322 

5 0 7.036050 
5 1 11.257681 
5 2 14.968968 
5 3 18.110654 
5 4 20.715891 
5 5 22.858548 
5 6 24.619936 
5 7 26.073465 
5 8 27.279896 
5 9 28.287468 
5 10 29.133747 
5 11 29.847785 
5 12 30.452036 
5 13 30.963899 
5 14 31.396911 
5 15 31.761635 
5 16 32.066329 
5 17 32.317432 
5 18 32.519930 
5 19 32.677614 
5 20 32.793275 
5 21 32.868828 
5 22 32.905404 
5 23 32.903384 
5 24 32.862411 
5 25 32.781359 
5 26 32.658253 
5 27 32.490159 
5 28 32.272999 
5 29 32.001303 
5 30 31.667857 
5 31 31.263234 
5 32 30.775171 
5 33 30.187762 
5 34 29.480502 
5 35 28.627291 
5 36 27.595771 
5 37 26.347906 
5 38 24.843494 
5 39 23.049114 

6 0 6.098180 
6 1 9.757088 
6 2 13.074490 
6 3 15.989469 
6 4 18.498678 
6 5 20.633607 
6 6 22.440682 
6 7 23.968705 
6 8 25.262546 
6 9 26.360782 
6 10 27.295392 
6 11 28.092373 
6 12 28.772641 
6 13 29.352943 
6 14 29.846660 
6 15 30.264463 
6 16 30.614846 
6 17 30.904529 
6 18 31.138781 
6 19 31.321648 
6 20 31.456137 
6 21 31.544332 
6 22 31.587478 
6 23 31.586025 
6 24 31.539634 
6 25 31.447149 
6 26 31.306537 
6 27 31.114778 
6 28 30.867722 
6 29 30.559873 
6 30 30.184124 
6 31 29.731407 
6 32 29.190286 
6 33 28.546496 
6 34 27.782508 
6 35 26.877312 
6 36 25.806730 
6 37 24.544884 
6 38 23.067609 
6 39 21.358483 

7 0 5.374520 
7 1 8.599232 
7 2 11.584119 
7 3 14.276190 
7 4 16.658320 
7 5 18.739526 
7 6 20.543907 
7 7 22.101957 
7 8 23.445025 
7 9 24.602319 
7 10 25.599621 
7 11 26.458964 
7 12 27.198817 
7 13 27.834472 
7 14 28.378492 
7 15 28.841130 
7 16 29.230701 
7 17 29.553894 
7 18 29.816020 
7 19 30.021208 
7 20 30.172554 
7 21 30.272231 
7 22 30.321557 
7 23 30.321040 
7 24 30.270385 
7 25 30.168473 
7 26 30.013314 
7 27 29.801958 
7 28 29.530386 
7 29 29.193352 
7 30 28.784196 
7 31 28.294627 
7 32 27.714496 
7 33 27.031605 
7 34 26.231633 
7 35 25.298338 
7 36 24.214260 
7 37 22.962265 
7 38 21.528195 
7 39 19.904657 

8 0 4.801634 
8 1 7.682615 
8 2 10.388503 
8 3 12.875310 
8 4 15.121852 
8 5 17.125732 
8 6 18.897405 
8 7 20.454603 
8 8 21.818136 
8 9 23.009140 
8 10 24.047508 
8 11 24.951132 
8 12 25.735641 
8 13 26.414428 
8 14 26.998810 
8 15 27.498249 
8 16 27.920576 
8 17 28.272193 
8 18 28.558260 
8 19 28.782835 
8 20 28.948999 
8 21 29.058936 
8 22 29.114000 
8 23 29.114748 
8 24 29.060948 
8 25 28.951568 
8 26 28.784743 
8 27 28.557712 
8 28 28.266739 
8 29 27.907018 
8 30 27.472553 
8 31 26.956056 
8 32 26.348860 
8 33 25.640907 
8 34 24.820884 
8 35 23.876611 
8 36 22.795815 
8 37 21.567443 
8 38 20.183565 
8 39 18.641699 

9 0 4.339176 
9 1 6.942681 
9 2 9.414149 
9 3 11.717460 
9 4 13.831379 
9 5 15.748039 
9 6 17.469813 
9 7 19.005876 
9 8 20.369242 
9 9 21.574546 
9 10 22.636552 
9 11 23.569264 
9 12 24.385445 
9 13 25.096424 
9 14 25.712057 
9 15 26.240789 
9 16 26.689755 
9 17 27.064893 
9 18 27.371059 
9 19 27.612127 
9 20 27.791069 
9 21 27.910025 
9 22 27.970347 
9 23 27.972628 
9 24 27.916713 
9 25 27.801695 
9 26 27.625891 
9 27 27.386807 
9 28 27.081096 
9 29 26.704497 
9 30 26.251794 
9 31 25.716785 
9 32 25.092296 
9 33 24.370276 
9 34 23.542037 
9 35 22.598682 
9 36 21.531814 
9 37 20.334565 
9 38 19.002904 
9 39 17.537077 

10 0 3.960339 
10 1 6.336543 
10 2 8.610365 
10 3 10.752054 
10 4 12.741848 
10 5 14.569534 
10 6 16.232831 
10 7 17.735324 
10 8 19.084451 
10 9 20.289824 
10 10 21.361974 
10 11 22.311490 
10 12 23.148469 
10 13 23.882205 
10 14 24.521031 
10 15 25.072274 
10 16 25.542257 
10 17 25.936339 
10 18 26.258975 
10 19 26.513765 
10 20 26.703510 
10 21 26.830257 
10 22 26.895325 
10 23 26.899335 
10 24 26.842213 
10 25 26.723198 
10 26 26.540826 
10 27 26.292918 
10 28 25.976563 
10 29 25.588101 
10 30 25.123123 
10 31 24.576498 
10 32 23.942448 
10 33 23.214703 
10 34 22.386759 
10 35 21.452301 
10 36 20.405784 
10 37 19.243209 
10 38 17.963018 
10 39 16.566987 

11 0 3.646688 
11 1 5.834701 
11 2 7.941337 
11 3 9.941866 
11 4 11.818438 
11 5 13.560099 
11 6 15.161987 
11 7 16.624106 
11 8 17.949989 
11 9 19.145481 
11 10 20.217742 
11 11 21.174490 
11 12 22.023465 
11 13 22.772079 
11 14 23.427197 
11 15 23.995013 
11 16 24.480996 
11 17 24.889876 
11 18 25.225643 
11 19 25.491574 
11 20 25.690256 
11 21 25.823606 
11 22 25.892891 
11 23 25.898747 
11 24 25.841182 
11 25 25.719588 
11 26 25.532737 
11 27 25.278783 
11 28 24.955267 
11 29 24.559131 
11 30 24.086746 
11 31 23.533980 
11 32 22.896299 
11 33 22.168947 
11 34 21.347199 
11 35 20.426728 
11 36 19.404073 
11 37 18.277211 
11 38 17.046166 
11 39 15.713574 

12 0 3.385183 
12 1 5.416292 
12 2 7.381239 
12 3 9.259209 
12 4 11.034252 
12 5 12.695470 
12 6 14.236649 
12 7 15.655540 
12 8 16.952986 
12 9 18.132065 
12 10 19.197316 
12 11 20.154117 
12 12 21.008206 
12 13 21.765327 
12 14 22.430994 
12 15 23.010327 
12 16 23.507956 
12 17 23.927968 
12 18 24.273872 
12 19 24.548599 
12 20 24.754492 
12 21 24.893320 
12 22 24.966284 
12 23 24.974024 
12 24 24.916626 
12 25 24.793633 
12 26 24.604052 
12 27 24.346367 
12 28 24.018559 
12 29 23.618139 
12 30 23.142200 
12 31 22.587499 
12 32 21.950576 
12 33 21.227931 
12 34 20.416257 
12 35 19.512744 
12 36 18.515452 
12 37 17.423721 
12 38 16.238597 
12 39 14.963190 

13 0 3.166398 
13 1 5.066236 
13 2 6.911118 
13 3 8.683280 
13 4 10.368478 
13 5 11.956236 
13 6 13.439702 
13 7 14.815241 
13 8 16.081872 
13 9 17.240663 
13 10 18.294159 
13 11 19.245877 
13 12 20.099897 
13 13 20.860537 
13 14 21.532114 
13 15 22.118773 
13 16 22.624359 
13 17 23.052340 
13 18 23.405756 
13 19 23.687184 
13 20 23.898722 
13 21 24.041983 
13 22 24.118089 
13 23 24.127677 
13 24 24.070903 
13 25 23.947454 
13 26 23.756557 
13 27 23.497007 
13 28 23.167194 
13 29 22.765146 
13 30 22.288596 
13 31 21.735071 
13 32 21.102015 
13 33 20.386949 
13 34 19.587679 
13 35 18.702548 
13 36 17.730718 
13 37 16.672480 
13 38 15.529539 
13 39 14.305257 

14 0 2.983402 
14 1 4.773444 
14 2 6.516882 
14 3 8.198321 
14 4 9.804980 
14 5 11.326937 
14 6 12.757112 
14 7 14.091042 
14 8 15.326521 
14 9 16.463183 
14 10 17.502075 
14 11 18.445263 
14 12 19.295488 
14 13 20.055880 
14 14 20.729735 
14 15 21.320336 
14 16 21.830825 
14 17 22.264105 
14 18 22.622773 
14 19 22.909071 
14 20 23.124858 
14 21 23.271590 
14 22 23.350309 
14 23 23.361643 
14 24 23.305808 
14 25 23.182618 
14 26 22.991504 
14 27 22.731540 
14 28 22.401478 
14 29 21.999804 
14 30 21.524801 
14 31 20.974645 
14 32 20.347519 
14 33 19.641765 
14 34 18.856054 
14 35 17.989594 
14 36 17.042350 
14 37 16.015272 
14 38 14.910495 
14 39 13.731497 

15 0 2.831041 
15 1 4.529666 
15 2 6.187948 
15 3 7.792328 
15 4 9.331234 
15 5 10.795315 
15 6 12.177486 
15 7 13.472807 
15 8 14.678267 
15 9 15.792486 
15 10 16.815407 
15 11 17.747985 
15 12 18.591902 
15 13 19.349328 
15 14 20.022708 
15 15 20.614595 
15 16 21.127520 
15 17 21.563887 
15 18 21.925895 
15 19 22.215482 
15 20 22.434286 
15 21 22.583615 
15 22 22.664434 
15 23 22.677355 
15 24 22.622643 
15 25 22.500226 
15 26 22.309709 
15 27 22.050409 
15 28 21.721392 
15 29 21.321530 
15 30 20.849568 
15 31 20.304214 
15 32 19.684249 
15 33 18.988654 
15 34 18.216767 
15 35 17.368441 
15 36 16.444222 
15 37 15.445514 
15 38 14.374730 
15 39 13.235391 

16 0 2.705455 
16 1 4.328728 
16 2 5.916344 
16 3 7.456150 
16 4 8.937549 
16 5 10.351718 
16 6 11.691673 
16 7 12.952224 
16 8 14.129837 
16 9 15.222432 
16 10 16.229152 
16 11 17.150119 
16 12 17.986204 
16 13 18.738816 
16 14 19.409717 
16 15 20.000861 
16 16 20.514270 
16 17 20.951922 
16 18 21.315676 
16 19 21.607206 
16 20 21.827950 
16 21 21.979087 
16 22 22.061508 
16 23 22.075810 
16 24 22.022297 
16 25 21.900986 
16 26 21.711633 
16 27 21.453756 
16 28 21.126683 
16 29 20.729601 
16 30 20.261629 
16 31 19.721901 
16 32 19.109665 
16 33 18.424397 
16 34 17.665934 
16 35 16.834604 
16 36 15.931367 
16 37 14.957942 
16 38 13.916913 
16 39 12.811802 

17 0 2.603762 
17 1 4.166019 
17 2 5.696078 
17 3 7.182843 
17 4 8.616485 
17 5 9.988627 
17 6 11.292432 
17 7 12.522596 
17 8 13.675259 
17 9 14.747871 
17 10 15.739012 
17 11 16.648201 
17 12 17.475706 
17 13 18.222360 
17 14 18.889393 
17 15 19.478291 
17 16 19.990667 
17 17 20.428157 
17 18 20.792339 
17 19 21.084667 
17 20 21.306415 
17 21 21.458648 
17 22 21.542195 
17 23 21.557635 
17 24 21.505301 
17 25 21.385284 
17 26 21.197455 
17 27 20.941495 
17 28 20.616938 
17 29 20.223222 
17 30 19.759755 
17 31 19.225998 
17 32 18.621552 
17 33 17.946264 
17 34 17.200334 
17 35 16.384430 
17 36 15.499802 
17 37 14.548377 
17 38 13.532845 
17 39 12.456704 

18 0 2.523835 
18 1 4.038137 
18 2 5.522709 
18 3 6.967226 
18 4 8.362430 
18 5 9.700304 
18 6 10.974162 
18 7 12.178663 
18 8 13.309764 
18 9 14.364613 
18 10 15.341417 
18 11 16.239282 
18 12 17.058050 
18 13 17.798142 
18 14 18.460403 
18 15 19.045970 
18 16 19.556150 
18 17 19.992319 
18 18 20.355839 
18 19 20.647992 
18 20 20.869925 
18 21 21.022610 
18 22 21.106825 
18 23 21.123134 
18 24 21.071887 
18 25 20.953230 
18 26 20.767122 
18 27 20.513364 
18 28 20.191642 
18 29 19.801579 
18 30 19.342798 
18 31 18.814993 
18 32 18.218022 
18 33 17.551989 
18 34 16.817347 
18 35 16.014998 
18 36 15.146381 
18 37 14.213556 
18 38 13.219268 
18 39 12.166983 

19 0 2.464158 
19 1 3.942653 
19 2 5.393057 
19 3 6.805560 
19 4 8.171302 
19 5 9.482529 
19 6 10.732689 
19 7 11.916455 
19 8 13.029693 
19 9 14.069386 
19 10 15.033520 
19 11 15.920948 
19 12 16.731246 
19 13 17.464569 
19 14 18.121511 
19 15 18.702976 
19 16 19.210065 
19 17 19.643976 
19 18 20.005922 
19 19 20.297063 
19 20 20.518453 
19 21 20.671002 
19 22 20.755445 
19 23 20.772334 
19 24 20.722031 
19 25 20.604714 
19 26 20.420400 
19 27 20.168970 
19 28 19.850214 
19 29 19.463876 
19 30 19.009717 
19 31 18.487588 
19 32 17.897507 
19 33 17.239742 
19 34 16.514907 
19 35 15.724040 
19 36 14.868693 
19 37 13.950999 
19 38 12.973724 
19 39 11.940299 

20 0 2.423723 
20 1 3.877957 
20 2 5.304999 
20 3 6.695334 
20 4 8.040334 
20 5 9.332413 
20 6 10.565122 
20 7 11.733174 
20 8 12.832422 
20 9 13.859794 
20 10 14.813186 
20 11 15.691338 
20 12 16.493704 
20 13 17.220310 
20 14 17.871622 
20 15 18.448426 
20 16 18.951713 
20 17 19.382582 
20 18 19.742165 
20 19 20.031551 
20 20 20.251741 
20 21 20.403604 
20 22 20.487851 
20 23 20.505023 
20 24 20.455483 
20 25 20.339427 
20 26 20.156899 
20 27 19.907822 
20 28 19.592038 
20 29 19.209352 
20 30 18.759597 
20 31 18.242699 
20 32 17.658755 
20 33 17.008112 
20 34 16.291453 
20 35 15.509878 
20 36 14.664983 
20 37 13.758923 
20 38 12.794459 
20 39 11.774986 

21 0 2.401971 
21 1 3.843153 
21 2 5.257355 
21 3 6.635137 
21 4 7.967949 
21 5 9.248279 
21 6 10.469744 
21 7 11.627120 
21 8 12.716312 
21 9 13.734289 
21 10 14.678979 
21 11 15.549143 
21 12 16.344246 
21 13 17.064313 
21 14 17.709808 
21 15 18.281503 
21 16 18.780373 
21 17 19.207503 
21 18 19.564003 
21 19 19.850947 
21 20 20.069319 
21 21 20.219974 
21 22 20.303612 
21 23 20.320766 
21 24 20.271795 
21 25 20.156891 
21 26 19.976100 
21 27 19.729348 
21 28 19.416478 
21 29 19.037302 
21 30 18.591654 
21 31 18.079464 
21 32 17.500825 
21 33 16.856082 
21 34 16.145907 
21 35 15.371389 
21 36 14.534104 
21 37 13.636183 
21 38 12.680360 
21 39 11.669998 

22 0 2.398765 
22 1 3.838024 
22 2 5.249823 
22 3 6.624589 
22 4 7.953691 
22 5 9.229598 
22 6 10.445964 
22 7 11.597646 
22 8 12.680669 
22 9 13.692145 
22 10 14.630151 
22 11 15.493602 
22 12 16.282105 
22 13 16.995818 
22 14 17.635316 
22 15 18.201466 
22 16 18.695323 
22 17 19.118031 
22 18 19.470746 
22 19 19.754576 
22 20 19.970525 
22 21 20.119460 
22 22 20.202084 
22 23 20.218924 
22 24 20.170328 
22 25 20.056468 
22 26 19.877363 
22 27 19.632903 
22 28 19.322889 
22 29 18.947077 
22 30 18.505240 
22 31 17.997235 
22 32 17.423077 
22 33 16.783022 
22 34 16.077656 
22 35 15.307979 
22 36 14.475487 
22 37 13.582242 
22 38 12.630925 
22 39 11.624871 

23 0 2.414390 
23 1 3.863023 
23 2 5.282983 
23 3 6.664338 
23 4 7.998220 
23 5 9.276986 
23 6 10.494304 
23 7 11.645147 
23 8 12.725741 
23 9 13.733447 
23 10 14.666628 
23 11 15.524490 
23 12 16.306922 
23 13 17.014344 
23 14 17.647564 
23 15 18.207653 
23 16 18.695834 
23 17 19.113387 
23 18 19.461580 
23 19 19.741599 
23 20 19.954506 
23 21 20.101204 
23 22 20.182412 
23 23 20.198655 
23 24 20.150260 
23 25 20.037364 
23 26 19.859930 
23 27 19.617777 
23 28 19.310613 
23 29 18.938086 
23 30 18.499839 
23 31 17.995581 
23 32 17.425168 
23 33 16.788685 
23 34 16.086545 
23 35 15.319581 
23 36 14.489140 
23 37 13.597165 
23 38 12.646257 
23 39 11.639720 

24 0 2.449576 
24 1 3.919322 
24 2 5.358350 
24 3 6.756122 
24 4 8.103367 
24 5 9.392248 
24 6 10.616438 
24 7 11.771086 
24 8 12.852721 
24 9 13.859096 
24 10 14.789008 
24 11 15.642110 
24 12 16.418726 
24 13 17.119677 
24 14 17.746128 
24 15 18.299460 
24 16 18.781156 
24 17 19.192710 
24 18 19.535554 
24 19 19.811004 
24 20 20.020211 
24 21 20.164136 
24 22 20.243527 
24 23 20.258907 
24 24 20.210576 
24 25 20.098618 
24 26 19.922916 
24 27 19.683177 
24 28 19.378974 
24 29 19.009786 
24 30 18.575058 
24 31 18.074279 
24 32 17.507053 
24 33 16.873207 
24 34 16.172885 
24 35 15.406665 
24 36 14.575664 
24 37 13.681644 
24 38 12.727091 
24 39 11.715269 

25 0 2.505567 
25 1 4.008908 
25 2 5.478493 
25 3 6.902895 
25 4 8.272260 
25 5 9.578485 
25 6 10.815272 
25 7 11.978045 
25 8 13.063785 
25 9 14.070811 
25 10 14.998545 
25 11 15.847268 
25 12 16.617908 
25 13 17.311835 
25 14 17.930704 
25 15 18.476313 
25 16 18.950494 
25 17 19.355024 
25 18 19.691559 
25 19 19.961583 
25 20 20.166370 
25 21 20.306955 
25 22 20.384124 
25 23 20.398401 
25 24 20.350052 
25 25 20.239090 
25 26 20.065289 
25 27 19.828216 
25 28 19.527256 
25 29 19.161664 
25 30 18.730620 
25 31 18.233303 
25 32 17.668982 
25 33 17.037114 
25 34 16.337472 
25 35 15.570269 
25 36 14.736294 
25 37 13.837048 
25 38 12.874845 
25 39 11.852902 

26 0 2.584215 
26 1 4.134744 
26 2 5.647237 
26 3 7.109040 
26 4 8.509519 
26 5 9.840262 
26 6 11.095074 
26 7 12.269814 
26 8 13.362131 
26 9 14.371147 
26 10 15.297142 
26 11 16.141246 
26 12 16.905177 
26 13 17.591024 
26 14 18.201062 
26 15 18.737617 
26 16 19.202955 
26 17 19.599203 
26 18 19.928290 
26 19 20.191904 
26 20 20.391464 
26 21 20.528099 
26 22 20.602639 
26 23 20.615608 
26 24 20.567228 
26 25 20.457426 
26 26 20.285847 
26 27 20.051878 
26 28 19.754677 
26 29 19.393214 
26 30 18.966332 
26 31 18.472817 
26 32 17.911492 
26 33 17.281336 
26 34 16.581615 
26 35 15.812046 
26 36 14.972965 
26 37 14.065498 
26 38 13.091716 
26 39 12.054754 

27 0 2.688138 
27 1 4.301021 
27 2 5.869971 
27 3 7.380685 
27 4 8.821554 
27 5 10.183854 
27 6 11.461652 
27 7 12.651505 
27 8 13.752039 
27 9 14.763501 
27 10 15.687323 
27 11 16.525746 
27 12 17.281500 
27 13 17.957566 
27 14 18.556979 
27 15 19.082697 
27 16 19.537499 
27 17 19.923920 
27 18 20.244201 
27 19 20.500265 
27 20 20.693693 
27 21 20.825717 
27 22 20.897215 
27 23 20.908709 
27 24 20.860372 
27 25 20.752029 
27 26 20.583174 
27 27 20.352984 
27 28 20.060346 
27 29 19.703894 
27 30 19.282058 
27 31 18.793140 
27 32 18.235405 
27 33 17.607212 
27 34 16.907171 
27 35 16.134331 
27 36 15.288404 
27 37 14.369993 
27 38 13.380808 
27 39 12.323848 

28 0 2.820958 
28 1 4.513532 
28 2 6.154096 
28 3 7.726173 
28 4 9.216982 
28 5 10.617578 
28 6 11.922591 
28 7 13.129688 
28 8 14.238926 
28 9 15.252101 
28 10 16.172178 
28 11 17.002817 
28 12 17.748008 
28 13 18.411806 
28 14 18.998144 
28 15 19.510707 
28 16 19.952855 
28 17 20.327573 
28 18 20.637445 
28 19 20.884642 
28 20 21.070920 
28 21 21.197616 
28 22 21.265658 
28 23 21.275561 
28 24 21.227440 
28 25 21.121009 
28 26 20.955592 
28 27 20.730134 
28 28 20.443214 
28 29 20.093077 
28 30 19.677672 
28 31 19.194719 
28 32 18.641803 
28 33 18.016507 
28 34 17.316590 
28 35 16.540223 
28 36 15.686263 
28 37 14.754571 
28 38 13.746324 
28 39 12.664290 

29 0 2.987649 
29 1 4.780239 
29 2 6.509699 
29 3 8.156722 
29 4 9.707197 
29 5 11.152226 
29 6 12.487532 
29 7 13.712538 
29 8 14.829375 
29 9 15.841963 
29 10 16.755268 
29 11 17.574732 
29 12 18.305865 
29 13 18.953986 
29 14 19.524044 
29 15 20.020532 
29 16 20.447435 
29 17 20.808214 
29 18 21.105805 
29 19 21.342634 
29 20 21.520626 
29 21 21.641222 
29 22 21.705392 
29 23 21.713641 
29 24 21.666021 
29 25 21.562127 
29 26 21.401104 
29 27 21.181645 
29 28 20.901997 
29 29 20.559974 
29 30 20.152980 
29 31 19.678063 
29 32 19.131992 
29 33 18.511396 
29 34 17.812958 
29 35 17.033688 
29 36 16.171278 
29 37 15.224536 
29 38 14.193836 
29 39 13.081545 

30 0 3.195079 
30 1 5.112126 
30 2 6.950554 
30 3 8.687384 
30 4 10.307159 
30 5 11.801617 
30 6 13.168491 
30 7 14.409955 
30 8 15.531120 
30 9 16.538781 
30 10 17.440469 
30 11 18.243806 
30 12 18.956094 
30 13 19.584075 
30 14 20.133814 
30 15 20.610655 
30 16 21.019223 
30 17 21.363452 
30 18 21.646621 
30 19 21.871393 
30 20 22.039848 
30 21 22.153518 
30 22 22.213406 
30 23 22.220001 
30 24 22.173285 
30 25 22.072736 
30 26 21.917317 
30 27 21.705466 
30 28 21.435087 
30 29 21.103537 
30 30 20.707628 
30 31 20.243650 
30 32 19.707429 
30 33 19.094443 
30 34 18.400025 
30 35 17.619670 
30 36 16.749484 
30 37 15.786760 
30 38 14.730650 
30 39 13.582837 

31 0 3.452838 
31 1 5.524540 
31 2 7.495622 
31 3 9.338414 
31 4 11.036435 
31 5 12.583260 
31 6 13.980177 
31 7 15.233616 
31 8 16.352925 
31 9 17.348707 
31 10 18.231706 
31 11 19.012139 
31 12 19.699329 
31 13 20.301563 
31 14 20.826060 
31 15 21.279010 
31 16 21.665654 
31 17 21.990359 
31 18 22.256707 
31 19 22.467560 
31 20 22.625125 
31 21 22.731000 
31 22 22.786206 
31 23 22.791208 
31 24 22.745921 
31 25 22.649709 
31 26 22.501365 
31 27 22.299087 
31 28 22.040444 
31 29 21.722335 
31 30 21.340959 
31 31 20.891793 
31 32 20.369600 
31 33 19.768512 
31 34 19.082200 
31 35 18.304204 
31 36 17.428464 
31 37 16.450087 
31 38 15.366340 
31 39 14.177715 

32 0 3.774580 
32 1 6.039328 
32 2 8.171384 
32 3 10.137257 
32 4 11.920578 
32 5 13.519097 
32 6 14.940226 
32 7 16.196870 
32 8 17.304275 
32 9 18.277966 
32 10 19.132571 
32 11 19.881253 
32 12 20.535511 
32 13 21.105199 
32 14 21.598647 
32 15 22.022820 
32 16 22.383487 
32 17 22.685367 
32 18 22.932271 
32 19 23.127201 
32 20 23.272442 
32 21 23.369624 
32 22 23.419765 
32 23 23.423298 
32 24 23.380078 
32 25 23.289369 
32 26 23.149821 
32 27 22.959425 
32 28 22.715454 
32 29 22.414387 
32 30 22.051829 
32 31 21.622431 
32 32 21.119823 
32 33 20.536612 
32 34 19.864485 
32 35 19.094492 
32 36 18.217642 
32 37 17.225873 
32 38 16.113492 
32 39 14.878908 

33 0 4.180245 
33 1 6.688392 
33 2 9.015502 
33 3 11.121405 
33 4 12.992847 
33 5 14.636202 
33 6 16.069178 
33 7 17.314307 
33 8 18.394786 
33 9 19.332240 
33 10 20.145749 
33 11 20.851615 
33 12 21.463492 
33 13 21.992684 
33 14 22.448467 
33 15 22.838415 
33 16 23.168669 
33 17 23.444170 
33 18 23.668844 
33 19 23.845750 
33 20 23.977184 
33 21 24.064765 
33 22 24.109483 
33 23 24.111731 
33 24 24.071312 
33 25 23.987418 
33 26 23.858602 
33 27 23.682706 
33 28 23.456780 
33 29 23.176967 
33 30 22.838362 
33 31 22.434849 
33 32 21.958933 
33 33 21.401600 
33 34 20.752256 
33 35 19.998887 
33 36 19.128581 
33 37 18.128687 
33 38 16.988806 
33 39 15.703629 

34 0 4.699940 
34 1 7.519904 
34 2 10.082759 
34 3 12.342462 
34 4 14.296157 
34 5 15.967134 
34 6 17.389907 
34 7 18.600787 
34 8 19.633163 
34 9 20.515728 
34 10 21.272248 
34 11 21.922028 
34 12 22.480587 
34 13 22.960341 
34 14 23.371198 
34 15 23.721062 
34 16 24.016216 
34 17 24.261635 
34 18 24.461217 
34 19 24.617964 
34 20 24.734105 
34 21 24.811193 
34 22 24.850161 
34 23 24.851355 
34 24 24.814541 
34 25 24.738881 
34 26 24.622887 
34 27 24.464342 
34 28 24.260188 
34 29 24.006373 
34 30 23.697642 
34 31 23.327286 
34 32 22.886827 
34 33 22.365681 
34 34 21.750831 
34 35 21.026659 
34 36 20.175191 
34 37 19.177188 
34 38 18.014712 
34 39 16.675648 

35 0 5.381093 
35 1 8.609749 
35 2 11.454847 
35 3 13.871653 
35 4 15.884749 
35 5 17.549267 
35 6 18.925939 
35 7 20.069586 
35 8 21.025559 
35 9 21.829839 
35 10 22.510420 
35 11 23.088932 
35 12 23.582072 
35 13 24.002769 
35 14 24.361070 
35 15 24.664811 
35 16 24.920111 
35 17 25.131744 
35 18 25.303404 
35 19 25.437903 
35 20 25.537312 
35 21 25.603058 
35 22 25.635987 
35 23 25.636392 
35 24 25.604022 
35 25 25.538054 
35 26 25.437041 
35 27 25.298819 
35 28 25.120379 
35 29 24.897675 
35 30 24.625361 
35 31 24.296442 
35 32 23.901807 
35 33 23.429621 
35 34 22.864613 
35 35 22.187326 
35 36 21.373622 
35 37 20.395116 
35 38 19.221810 
35 39 17.828803 

36 0 6.302614 
36 1 10.084183 
36 2 13.256643 
36 3 15.806348 
36 4 17.824081 
36 5 19.421771 
36 6 20.697874 
36 7 21.729276 
36 8 22.573195 
36 9 23.271507 
36 10 23.854821 
36 11 24.345647 
36 12 24.760706 
36 13 25.112547 
36 14 25.410684 
36 15 25.662388 
36 16 25.873248 
36 17 26.047566 
36 18 26.188632 
36 19 26.298931 
36 20 26.380278 
36 21 26.433910 
36 22 26.460554 
36 23 26.460446 
36 24 26.433343 
36 25 26.378490 
36 26 26.294572 
36 27 26.179612 
36 28 26.030837 
36 29 25.844468 
36 30 25.615424 
36 31 25.336895 
36 32 24.999730 
36 33 24.591570 
36 34 24.095637 
36 35 23.489126 
36 36 22.741310 
36 37 21.812018 
36 38 20.652487 
36 39 19.213321 

37 0 7.605349 
37 1 12.168558 
37 2 15.682335 
37 3 18.274461 
37 4 20.185201 
37 5 21.617902 
37 6 22.716834 
37 7 23.579046 
37 8 24.269299 
37 9 24.831291 
37 10 25.295065 
37 11 25.681716 
37 12 26.006359 
37 13 26.280029 
37 14 26.510912 
37 15 26.705159 
37 16 26.867429 
37 17 27.001272 
37 18 27.109376 
37 19 27.193758 
37 20 27.255880 
37 21 27.296733 
37 22 27.316891 
37 23 27.316534 
37 24 27.295451 
37 25 27.253013 
37 26 27.188125 
37 27 27.099142 
37 28 26.983734 
37 29 26.838686 
37 30 26.659609 
37 31 26.440488 
37 32 26.173003 
37 33 25.845481 
37 34 25.441246 
37 35 24.936038 
37 36 24.294073 
37 37 23.462528 
37 38 22.365932 
37 39 20.908220 

38 0 9.564372 
38 1 15.302996 
38 2 19.030542 
38 3 21.425054 
38 4 23.025681 
38 5 24.149340 
38 6 24.974268 
38 7 25.602737 
38 8 26.095827 
38 9 26.491646 
38 10 26.814970 
38 11 27.082502 
38 12 27.305854 
38 13 27.493319 
38 14 27.650938 
38 15 27.783192 
38 16 27.893439 
38 17 27.984215 
38 18 28.057430 
38 19 28.114505 
38 20 28.156468 
38 21 28.184012 
38 22 28.197535 
38 23 28.197157 
38 24 28.182721 
38 25 28.153777 
38 26 28.109537 
38 27 28.048818 
38 28 27.969930 
38 29 27.870522 
38 30 27.747341 
38 31 27.595847 
38 32 27.409603 
38 33 27.179269 
38 34 26.890853 
38 35 26.522587 
38 36 26.039132 
38 37 25.380638 
38 38 24.442858 
38 39 23.048330 

39 0 12.780583 
39 1 20.448932 
39 2 23.712362 
39 3 25.370265 
39 4 26.344011 
39 5 26.980542 
39 6 27.429335 
39 7 27.763122 
39 8 28.021074 
39 9 28.226074 
39 10 28.392368 
39 11 28.529280 
39 12 28.643162 
39 13 28.738478 
39 14 28.818447 
39 15 28.885433 
39 16 28.941199 
39 17 28.987066 
39 18 29.024027 
39 19 29.052817 
39 20 29.073967 
39 21 29.087834 
39 22 29.094620 
39 23 29.094387 
39 24 29.087051 
39 25 29.072376 
39 26 29.049951 
39 27 29.019154 
39 28 28.979098 
39 29 28.928537 
39 30 28.865734 
39 31 28.788234 
39 32 28.692498 
39 33 28.573260 
39 34 28.422337 
39 35 28.226252 
39 36 27.961052 
39 37 27.579738 
39 38 26.978119 
39 39 25.890673 


