0 0 40.000000 
0 1 40.000000 
0 2 40.000000 
0 3 40.000000 
0 4 40.000000 
0 5 40.000000 
0 6 40.000000 
0 7 40.000000 
0 8 40.000000 
0 9 40.000000 
0 10 40.000000 
0 11 40.000000 
0 12 40.000000 
0 13 40.000000 
0 14 40.000000 
0 15 40.000000 
0 16 40.000000 
0 17 40.000000 
0 18 40.000000 
0 19 40.000000 
0 20 40.000000 
0 21 40.000000 
0 22 40.000000 
0 23 40.000000 
0 24 40.000000 
0 25 40.000000 
0 26 40.000000 
0 27 40.000000 
0 28 40.000000 
0 29 40.000000 
0 30 40.000000 
0 31 40.000000 
0 32 40.000000 
0 33 40.000000 
0 34 40.000000 
0 35 40.000000 
0 36 40.000000 
0 37 40.000000 
0 38 40.000000 
0 39 40.000000 

1 0 17.026808 
1 1 27.242893 
1 2 31.585874 
1 3 33.788320 
1 4 35.078766 
1 5 35.919841 
1 6 36.510886 
1 7 36.948907 
1 8 37.286167 
1 9 37.553200 
1 10 37.769023 
1 11 37.946087 
1 12 38.092878 
1 13 38.215360 
1 14 38.317834 
1 15 38.403459 
1 16 38.474587 
1 17 38.532984 
1 18 38.579972 
1 19 38.616530 
1 20 38.643363 
1 21 38.660942 
1 22 38.669534 
1 23 38.669215 
1 24 38.659867 
1 25 38.641170 
1 26 38.612569 
1 27 38.573230 
1 28 38.521960 
1 29 38.457092 
1 30 38.376301 
1 31 38.276305 
1 32 38.152375 
1 33 37.997479 
1 34 37.800693 
1 35 37.544035 
1 36 37.195551 
1 37 36.692561 
1 38 35.896122 
1 39 34.452189 

2 0 12.724306 
2 1 20.358890 
2 2 25.312286 
2 3 28.488641 
2 4 30.606905 
2 5 32.089717 
2 6 33.174799 
2 7 33.998581 
2 8 34.642565 
2 9 35.157615 
2 10 35.576809 
2 11 35.922455 
2 12 36.210072 
2 13 36.450736 
2 14 36.652524 
2 15 36.821421 
2 16 36.961914 
2 17 37.077385 
2 18 37.170381 
2 19 37.242794 
2 20 37.295988 
2 21 37.330879 
2 22 37.347988 
2 23 37.347466 
2 24 37.329092 
2 25 37.292252 
2 26 37.235886 
2 27 37.158399 
2 28 37.057525 
2 29 36.930116 
2 30 36.771815 
2 31 36.576551 
2 32 36.335724 
2 33 36.036855 
2 34 35.661265 
2 35 35.179902 
2 36 34.545617 
2 37 33.678574 
2 38 32.439744 
2 39 30.592468 

3 0 10.097549 
3 1 16.156078 
3 2 20.815744 
3 3 24.247057 
3 4 26.770502 
3 5 28.657331 
3 6 30.100018 
3 7 31.228063 
3 8 32.127908 
3 9 32.857895 
3 10 33.458153 
3 11 33.956864 
3 12 34.374230 
3 13 34.725001 
3 14 35.020119 
3 15 35.267803 
3 16 35.474277 
3 17 35.644277 
3 18 35.781388 
3 19 35.888293 
3 20 35.966932 
3 21 36.018614 
3 22 36.044091 
3 23 36.043586 
3 24 36.016800 
3 25 35.962877 
3 26 35.880339 
3 27 35.766970 
3 28 35.619642 
3 29 35.434048 
3 30 35.204308 
3 31 34.922376 
3 32 34.577129 
3 33 34.152968 
3 34 33.627622 
3 35 32.968703 
3 36 32.128451 
3 37 31.036387 
3 38 29.591822 
3 39 27.666613 

4 0 8.345084 
4 1 13.352135 
4 2 17.547559 
4 3 20.913348 
4 4 23.570725 
4 5 25.669097 
4 6 27.339890 
4 7 28.685759 
4 8 29.783121 
4 9 30.687921 
4 10 31.441061 
4 11 32.072637 
4 12 32.605002 
4 13 33.054940 
4 14 33.435170 
4 15 33.755414 
4 16 34.023137 
4 17 34.244079 
4 18 34.422627 
4 19 34.562084 
4 20 34.664856 
4 21 34.732579 
4 22 34.766200 
4 23 34.766013 
4 24 34.731671 
4 25 34.662143 
4 26 34.555648 
4 27 34.409526 
4 28 34.220049 
4 29 33.982149 
4 30 33.689018 
4 31 33.331538 
4 32 32.897469 
4 33 32.370287 
4 34 31.727571 
4 35 30.938858 
4 36 29.963117 
4 37 28.746715 
4 38 27.224562 
4 39 25.330710 

5 0 7.099890 
5 1 11.359824 
5 2 15.109016 
5 3 18.288061 
5 4 20.929965 
5 5 23.108454 
5 6 24.904701 
5 7 26.391978 
5 8 27.630916 
5 9 28.669627 
5 10 29.545557 
5 11 30.287642 
5 12 30.918228 
5 13 31.454612 
5 14 31.910235 
5 15 32.295575 
5 16 32.618809 
5 17 32.886306 
5 18 33.102987 
5 19 33.272591 
5 20 33.397862 
5 21 33.480681 
5 22 33.522148 
5 23 33.522630 
5 24 33.481759 
5 25 33.398410 
5 26 33.270618 
5 27 33.095468 
5 28 32.868911 
5 29 32.585512 
5 30 32.238106 
5 31 31.817319 
5 32 31.310951 
5 33 30.703167 
5 34 29.973544 
5 35 29.096064 
5 36 28.038468 
5 37 26.762818 
5 38 25.229020 
5 39 23.403767 

6 0 6.173913 
6 1 9.878261 
6 2 13.240629 
6 3 16.199928 
6 4 18.752635 
6 5 20.930072 
6 6 22.778499 
6 7 24.346557 
6 8 25.678962 
6 9 26.814139 
6 10 27.783924 
6 11 28.614177 
6 12 29.325686 
6 13 29.935077 
6 14 30.455618 
6 15 30.897878 
6 16 31.270255 
6 17 31.579386 
6 18 31.830463 
6 19 32.027471 
6 20 32.173361 
6 21 32.270174 
6 22 32.319124 
6 23 32.320639 
6 24 32.274369 
6 25 32.179159 
6 26 32.032987 
6 27 31.832859 
6 28 31.574654 
6 29 31.252923 
6 30 30.860612 
6 31 30.388719 
6 32 29.825884 
6 33 29.157923 
6 34 28.367405 
6 35 27.433420 
6 36 26.331903 
6 37 25.037095 
6 38 23.524960 
6 39 21.779209 

7 0 5.461678 
7 1 8.738685 
7 2 11.775323 
7 3 14.518400 
7 4 16.950591 
7 5 19.080718 
7 6 20.932690 
7 7 22.536816 
7 8 23.924264 
7 9 25.124072 
7 10 26.161856 
7 11 27.059491 
7 12 27.835298 
7 13 28.504432 
7 14 29.079323 
7 15 29.570107 
7 16 29.984990 
7 17 30.330565 
7 18 30.612055 
7 19 30.833517 
7 20 30.997984 
7 21 31.107579 
7 22 31.163584 
7 23 31.166482 
7 24 31.115967 
7 25 31.010919 
7 26 30.849362 
7 27 30.628373 
7 28 30.343971 
7 29 29.990961 
7 30 29.562744 
7 31 29.051107 
7 32 28.445984 
7 33 27.735277 
7 34 26.904771 
7 35 25.938343 
7 36 24.818664 
7 37 23.528734 
7 38 22.054544 
7 39 20.388856 

8 0 4.899680 
8 1 7.839487 
8 2 10.603591 
8 3 13.147775 
8 4 15.450630 
8 5 17.509543 
8 6 19.334751 
8 7 20.943781 
8 8 22.357238 
8 9 23.596066 
8 10 24.679973 
8 11 25.626672 
8 12 26.451627 
8 13 27.168072 
8 14 27.787182 
8 15 28.318284 
8 16 28.769084 
8 17 29.145879 
8 18 29.453729 
8 19 29.696611 
8 20 29.877534 
8 21 29.998629 
8 22 30.061207 
8 23 30.065796 
8 24 30.012152 
8 25 29.899245 
8 26 29.725224 
8 27 29.487356 
8 28 29.181951 
8 29 28.804257 
8 30 28.348351 
8 31 27.807029 
8 32 27.171719 
8 33 26.432475 
8 34 25.578105 
8 35 24.596561 
8 36 23.475716 
8 37 22.204671 
8 38 20.775662 
8 39 19.186381 

9 0 4.447503 
9 1 7.116004 
9 2 9.651793 
9 3 12.018496 
9 4 14.194634 
9 5 16.172098 
9 6 17.953021 
9 7 19.546350 
9 8 20.964877 
9 9 22.223020 
9 10 23.335339 
9 11 24.315643 
9 12 25.176512 
9 13 25.929100 
9 14 26.583102 
9 15 27.146816 
9 16 27.627242 
9 17 28.030197 
9 18 28.360431 
9 19 28.621724 
9 20 28.816974 
9 21 28.948258 
9 22 29.016881 
9 23 29.023407 
9 24 28.967665 
9 25 28.848749 
9 26 28.664994 
9 27 28.413938 
9 28 28.092280 
9 29 27.695824 
9 30 27.219432 
9 31 26.656995 
9 32 26.001444 
9 33 25.244852 
9 34 24.378664 
9 35 23.394129 
9 36 22.283013 
9 37 21.038615 
9 38 19.657091 
9 39 18.138877 

10 0 4.078279 
10 1 6.525246 
10 2 8.869095 
10 3 11.079802 
10 4 13.137337 
10 5 15.031221 
10 6 16.758917 
10 7 18.323758 
10 8 19.732939 
10 9 20.995840 
10 10 22.122768 
10 11 23.124100 
10 12 24.009731 
10 13 24.788767 
10 14 25.469368 
10 15 26.058697 
10 16 26.562931 
10 17 26.987299 
10 18 27.336138 
10 19 27.612949 
10 20 27.820449 
10 21 27.960617 
10 22 28.034724 
10 23 28.043355 
10 24 27.986422 
10 25 27.863163 
10 26 27.672134 
10 27 27.411191 
10 28 27.077475 
10 29 26.667394 
10 30 26.176624 
10 31 25.600137 
10 32 24.932270 
10 33 24.166884 
10 34 23.297624 
10 35 22.318332 
10 36 21.223640 
10 37 20.009734 
10 38 18.675255 
10 39 17.222187 

11 0 3.773511 
11 1 6.037618 
11 2 8.219557 
11 3 10.294303 
11 4 12.243718 
11 5 14.056564 
11 6 15.727702 
11 7 17.256865 
11 8 18.647325 
11 9 19.904679 
11 10 21.035845 
11 11 22.048311 
11 12 22.949603 
11 13 23.746930 
11 14 24.446969 
11 15 25.055740 
11 16 25.578556 
11 17 26.020002 
11 18 26.383946 
11 19 26.673557 
11 20 26.891331 
11 21 27.039114 
11 22 27.118118 
11 23 27.128942 
11 24 27.071581 
11 25 26.945424 
11 26 26.749263 
11 27 26.481292 
11 28 26.139107 
11 29 25.719723 
11 30 25.219605 
11 31 24.634726 
11 32 23.960681 
11 33 23.192853 
11 34 22.326676 
11 35 21.357995 
11 36 20.283536 
11 37 19.101476 
11 38 17.812053 
11 39 16.418128 

12 0 3.520107 
12 1 5.632171 
12 2 7.677230 
12 3 9.634158 
12 4 11.486697 
12 5 13.223647 
12 6 14.838499 
12 7 16.328716 
12 8 17.694866 
12 9 18.939757 
12 10 20.067675 
12 11 21.083754 
12 12 21.993502 
12 13 22.802448 
12 14 23.515904 
12 15 24.138808 
12 16 24.675623 
12 17 25.130281 
12 18 25.506163 
12 19 25.806081 
12 20 26.032286 
12 21 26.186469 
12 22 26.269773 
12 23 26.282799 
12 24 26.225617 
12 25 26.097769 
12 26 25.898285 
12 27 25.625687 
12 28 25.278018 
12 29 24.852866 
12 30 24.347421 
12 31 23.758556 
12 32 23.082946 
12 33 22.317240 
12 34 21.458299 
12 35 20.503496 
12 36 19.451091 
12 37 18.300636 
12 38 17.053405 
12 39 15.712748 

13 0 3.308590 
13 1 5.293744 
13 2 7.223054 
13 3 9.078426 
13 4 10.845295 
13 5 12.512864 
13 6 14.073971 
13 7 15.524679 
13 8 16.863713 
13 9 18.091863 
13 10 19.211401 
13 11 20.225590 
13 12 21.138267 
13 13 21.953523 
13 14 22.675465 
13 15 23.308042 
13 16 23.854923 
13 17 24.319418 
13 18 24.704425 
13 19 25.012402 
13 20 25.245347 
13 21 25.404789 
13 22 25.491792 
13 23 25.506951 
13 24 25.450405 
13 25 25.321839 
13 26 25.120505 
13 27 24.845240 
13 28 24.494495 
13 29 24.066382 
13 30 23.558738 
13 31 22.969209 
13 32 22.295382 
13 33 21.534935 
13 34 20.685852 
13 35 19.746668 
13 36 18.716757 
13 37 17.596631 
13 38 16.388239 
13 39 15.095192 

14 0 3.131985 
14 1 5.011175 
14 2 6.842835 
14 3 8.611225 
14 4 10.303225 
14 5 11.908580 
14 6 13.419885 
14 7 14.832362 
14 8 16.143499 
14 9 17.352636 
14 10 18.460539 
14 11 19.469005 
14 12 20.380522 
14 13 21.197985 
14 14 21.924468 
14 15 22.563051 
14 16 23.116691 
14 17 23.588126 
14 18 23.979805 
14 19 24.293845 
14 20 24.532000 
14 21 24.695640 
14 22 24.785746 
14 23 24.802902 
14 24 24.747304 
14 25 24.618768 
14 26 24.416748 
14 27 24.140362 
14 28 23.788429 
14 29 23.359518 
14 30 22.852023 
14 31 22.264245 
14 32 21.594516 
14 33 20.841342 
14 34 20.003579 
14 35 19.080638 
14 36 18.072702 
14 37 16.980956 
14 38 15.807784 
14 39 14.556931 

15 0 2.985096 
15 1 4.776154 
15 2 6.525909 
15 3 8.220442 
15 4 9.847832 
15 5 11.398383 
15 6 12.864672 
15 7 14.241434 
15 8 15.525338 
15 9 16.714702 
15 10 17.809176 
15 11 18.809436 
15 12 19.716905 
15 13 20.533504 
15 14 21.261449 
15 15 21.903086 
15 16 22.460751 
15 17 22.936678 
15 18 23.332913 
15 19 23.651265 
15 20 23.893261 
15 21 24.060122 
15 22 24.152746 
15 23 24.171703 
15 24 24.117238 
15 25 23.989278 
15 26 23.787453 
15 27 23.511126 
15 28 23.159431 
15 29 22.731330 
15 30 22.225679 
15 31 21.641317 
15 32 20.977179 
15 33 20.232418 
15 34 19.406562 
15 35 18.499674 
15 36 17.512527 
15 37 16.446769 
15 38 15.305072 
15 39 14.091230 

16 0 2.864033 
16 1 4.582452 
16 2 6.264226 
16 3 7.896831 
16 4 9.469312 
16 5 10.972490 
16 6 12.399032 
16 7 13.743414 
16 8 15.001775 
16 9 16.171721 
16 10 17.252093 
16 11 18.242730 
16 12 19.144232 
16 13 19.957754 
16 14 20.684823 
16 15 21.327177 
16 16 21.886639 
16 17 22.365013 
16 18 22.763999 
16 19 23.085137 
16 20 23.329754 
16 21 23.498938 
16 22 23.593511 
16 23 23.614027 
16 24 23.560766 
16 25 23.433751 
16 26 23.232758 
16 27 22.957354 
16 28 22.606937 
16 29 22.180787 
16 30 21.678137 
16 31 21.098256 
16 32 20.440550 
16 33 19.704673 
16 34 18.890656 
16 35 17.999045 
16 36 17.031033 
16 37 15.988589 
16 38 14.874566 
16 39 13.692765 

17 0 2.765883 
17 1 4.425413 
17 2 6.051734 
17 3 7.633373 
17 4 9.160132 
17 5 10.623272 
17 6 12.015600 
17 7 13.331468 
17 8 14.566684 
17 9 15.718375 
17 10 16.784815 
17 11 17.765231 
17 12 18.659615 
17 13 19.468540 
17 14 20.192997 
17 15 20.834249 
17 16 21.393707 
17 17 21.872828 
17 18 22.273030 
17 19 22.595628 
17 20 22.841782 
17 21 23.012465 
17 22 23.108436 
17 23 23.130229 
17 24 23.078153 
17 25 22.952303 
17 26 22.752574 
17 27 22.478697 
17 28 22.130274 
17 29 21.706840 
17 30 21.207920 
17 31 20.633113 
17 32 19.982182 
17 33 19.255152 
17 34 18.452427 
17 35 17.574895 
17 36 16.624044 
17 37 15.602059 
17 38 14.511900 
17 39 13.357356 

18 0 2.688501 
18 1 4.301602 
18 2 5.883946 
18 3 7.424826 
18 4 8.914608 
18 5 10.344907 
18 6 11.708677 
18 7 13.000228 
18 8 14.215177 
18 9 15.350346 
18 10 16.403630 
18 11 17.373839 
18 12 18.260535 
18 13 19.063876 
18 14 19.784462 
18 15 20.423205 
18 16 20.981206 
18 17 21.459659 
18 18 21.859765 
18 19 22.182663 
18 20 22.429384 
18 21 22.600809 
18 22 22.697642 
18 23 22.720403 
18 24 22.669420 
18 25 22.544839 
18 26 22.346644 
18 27 22.074686 
18 28 21.728725 
18 29 21.308478 
18 30 20.813686 
18 31 20.244188 
18 32 19.600002 
18 33 18.881415 
18 34 18.089088 
18 35 17.224144 
18 36 16.288264 
18 37 15.283771 
18 38 14.213686 
18 39 13.081768 

19 0 2.630352 
19 1 4.208564 
19 2 5.757646 
19 3 7.267406 
19 4 8.728605 
19 5 10.133115 
19 6 11.474022 
19 7 12.745645 
19 8 13.943509 
19 9 15.064268 
19 10 16.105592 
19 11 17.066035 
19 12 17.944892 
19 13 18.742051 
19 14 19.457859 
19 15 20.092993 
19 16 20.648348 
19 17 21.124936 
19 18 21.523806 
19 19 21.845978 
19 20 22.092387 
19 21 22.263848 
19 22 22.361028 
19 23 22.384429 
19 24 22.334391 
19 25 22.211095 
19 26 22.014582 
19 27 21.744784 
19 28 21.401563 
19 29 20.984760 
19 30 20.494258 
19 31 19.930048 
19 32 19.292313 
19 33 18.581508 
19 34 17.798451 
19 35 16.944408 
19 36 16.021175 
19 37 15.031148 
19 38 13.977372 
19 39 12.863574 

20 0 2.590420 
20 1 4.144672 
20 2 5.670693 
20 3 7.158580 
20 4 8.599325 
20 5 9.984970 
20 6 11.308701 
20 7 12.564876 
20 8 13.749007 
20 9 14.857690 
20 10 15.888506 
20 11 16.839895 
20 12 17.711027 
20 13 18.501662 
20 14 19.212019 
20 15 19.842654 
20 16 20.394353 
20 17 20.868028 
20 18 21.264647 
20 19 21.585158 
20 20 21.830443 
20 21 22.001276 
20 22 22.098298 
20 23 22.122002 
20 24 22.072728 
20 25 21.950674 
20 26 21.755911 
20 27 21.488410 
20 28 21.148087 
20 29 20.734845 
20 30 20.248636 
20 31 19.689530 
20 32 19.057787 
20 33 18.353943 
20 34 17.578886 
20 35 16.733943 
20 36 15.820957 
20 37 14.842344 
20 38 13.801148 
20 39 12.701059 

21 0 2.568144 
21 1 4.109030 
21 2 5.621899 
21 3 7.096926 
21 4 8.525182 
21 5 9.898784 
21 6 11.210984 
21 7 12.456206 
21 8 13.630014 
21 9 14.729047 
21 10 15.750917 
21 11 16.694088 
21 12 17.557740 
21 13 18.341636 
21 14 19.045989 
21 15 19.671346 
21 16 20.218476 
21 17 20.688277 
21 18 21.081697 
21 19 21.399668 
21 20 21.643056 
21 21 21.812622 
21 22 21.908995 
21 23 21.932660 
21 24 21.883954 
21 25 21.763071 
21 26 21.570083 
21 27 21.304965 
21 28 20.967634 
21 29 20.557997 
21 30 20.076010 
21 31 19.521744 
21 32 18.895458 
21 33 18.197680 
21 34 17.429291 
21 35 16.591605 
21 36 15.686442 
21 37 14.716197 
21 38 13.683883 
21 39 12.593158 

22 0 2.563390 
22 1 4.101424 
22 2 5.610970 
22 3 7.082075 
22 4 8.505732 
22 5 9.874041 
22 6 11.180296 
22 7 12.419006 
22 8 13.585856 
22 9 14.677632 
22 10 15.692100 
22 11 16.627877 
22 12 17.484291 
22 13 18.261237 
22 14 18.959045 
22 15 19.578358 
22 16 20.120024 
22 17 20.585006 
22 18 20.974297 
22 19 21.288865 
22 20 21.529597 
22 21 21.697266 
22 22 21.792506 
22 23 21.815797 
22 24 21.767464 
22 25 21.647681 
22 26 21.456492 
22 27 21.193838 
22 28 20.859589 
22 29 20.453601 
22 30 19.975764 
22 31 19.426075 
22 32 18.804713 
22 33 18.112118 
22 34 17.349080 
22 35 16.516824 
22 36 15.617086 
22 37 14.652191 
22 38 13.625096 
22 39 12.539428 

23 0 2.576451 
23 1 4.122322 
23 2 5.638507 
23 3 7.114701 
23 4 8.541665 
23 5 9.911395 
23 6 11.217203 
23 7 12.453719 
23 8 13.616834 
23 9 14.703590 
23 10 15.712043 
23 11 16.641105 
23 12 17.490391 
23 13 18.260061 
23 14 18.950683 
23 15 19.563107 
23 16 20.098353 
23 17 20.557523 
23 18 20.941722 
23 19 21.252000 
23 20 21.489304 
23 21 21.654445 
23 22 21.748072 
23 23 21.770665 
23 24 21.722529 
23 25 21.603802 
23 26 21.414473 
23 27 21.154408 
23 28 20.823388 
23 29 20.421154 
23 30 19.947466 
23 31 19.402174 
23 32 18.785292 
23 33 18.097088 
23 34 17.338174 
23 35 16.509604 
23 36 15.612965 
23 37 14.650455 
23 38 13.624949 
23 39 12.540038 

24 0 2.608076 
24 1 4.172922 
24 2 5.706060 
24 3 7.196587 
24 4 8.634869 
24 5 10.012714 
24 6 11.323450 
24 7 12.561888 
24 8 13.724230 
24 9 14.807917 
24 10 15.811446 
24 11 16.734184 
24 12 17.576185 
24 13 18.338015 
24 14 19.020607 
24 15 19.625124 
24 16 20.152851 
24 17 20.605106 
24 18 20.983166 
24 19 21.288209 
24 20 21.521278 
24 21 21.683240 
24 22 21.774777 
24 23 21.796368 
24 24 21.748290 
24 25 21.630630 
24 26 21.443293 
24 27 21.186037 
24 28 20.858502 
24 29 20.460259 
24 30 19.990871 
24 31 19.449958 
24 32 18.837285 
24 33 18.152854 
24 34 17.397006 
24 35 16.570534 
24 36 15.674791 
24 37 14.711786 
24 38 13.684273 
24 39 12.595800 

25 0 2.659529 
25 1 4.255246 
25 2 5.816247 
25 3 7.330749 
25 4 8.788543 
25 5 10.181186 
25 6 11.502040 
25 7 12.746204 
25 8 13.910341 
25 9 14.992466 
25 10 15.991708 
25 11 16.908074 
25 12 17.742225 
25 13 18.495290 
25 14 19.168692 
25 15 19.764020 
25 16 20.282914 
25 17 20.726980 
25 18 21.097722 
25 19 21.396493 
25 20 21.624457 
25 21 21.782563 
25 22 21.871530 
25 23 21.891841 
25 24 21.843738 
25 25 21.727236 
25 26 21.542135 
25 27 21.288045 
25 28 20.964421 
25 29 20.570607 
25 30 20.105894 
25 31 19.569594 
25 32 18.961126 
25 33 18.280122 
25 34 17.526544 
25 35 16.700814 
25 36 15.803950 
25 37 14.837694 
25 38 13.804621 
25 39 12.708222 

26 0 2.732690 
26 1 4.372304 
26 2 5.972955 
26 3 7.521646 
26 4 9.007404 
26 5 10.421485 
26 6 11.757368 
26 7 13.010599 
26 8 14.178518 
26 9 15.259958 
26 10 16.254913 
26 11 17.164248 
26 12 17.989428 
26 13 18.732305 
26 14 19.394933 
26 15 19.979435 
26 16 20.487893 
26 17 20.922268 
26 18 21.284343 
26 19 21.575679 
26 20 21.797591 
26 21 21.951122 
26 22 22.037040 
26 23 22.055827 
26 24 22.007684 
26 25 21.892540 
26 26 21.710064 
26 27 21.459685 
26 28 21.140627 
26 29 20.751947 
26 30 20.292596 
26 31 19.761487 
26 32 19.157590 
26 33 18.480047 
26 34 17.728312 
26 35 16.902303 
26 36 16.002573 
26 37 15.030485 
26 38 13.988358 
26 39 12.879593 

27 0 2.830212 
27 1 4.528339 
27 2 6.181647 
27 3 7.775503 
27 4 9.297975 
27 5 10.740019 
27 6 12.095394 
27 7 13.360353 
27 8 14.533231 
27 9 15.613993 
27 10 16.603803 
27 11 17.504645 
27 12 18.319008 
27 13 19.049644 
27 14 19.699380 
27 15 20.270978 
27 16 20.767041 
27 17 21.189945 
27 18 21.541792 
27 19 21.824383 
27 20 22.039199 
27 21 22.187391 
27 22 22.269776 
27 23 22.286838 
27 24 22.238728 
27 25 22.125273 
27 26 21.945990 
27 27 21.700098 
27 28 21.386546 
27 29 21.004051 
27 30 20.551146 
27 31 20.026254 
27 32 19.427781 
27 33 18.754246 
27 34 18.004432 
27 35 17.177585 
27 36 16.273625 
27 37 15.293377 
27 38 14.238794 
27 39 13.113127 

28 0 2.955756 
28 1 4.729209 
28 2 6.449810 
28 3 8.100772 
28 4 9.669004 
28 5 11.145261 
28 6 12.523878 
28 7 13.802235 
28 8 14.980111 
28 9 16.059038 
28 10 17.041723 
28 11 17.931585 
28 12 18.732383 
28 13 19.447957 
28 14 20.082041 
28 15 20.638134 
28 16 21.119430 
28 17 21.528763 
28 18 21.868584 
28 19 22.140950 
28 20 22.347520 
28 21 22.489557 
28 22 22.567928 
28 23 22.583114 
28 24 22.535208 
28 25 22.423927 
28 26 22.248616 
28 27 22.008260 
28 28 21.701497 
28 29 21.326650 
28 30 20.881767 
28 31 20.364683 
28 32 19.773116 
28 33 19.104799 
28 34 18.357659 
28 35 17.530050 
28 36 16.621029 
28 37 15.630668 
28 38 14.560372 
28 39 13.413149 

29 0 3.114341 
29 1 4.982946 
29 2 6.787632 
29 3 8.508795 
29 4 10.132038 
29 5 11.648178 
29 6 13.052662 
29 7 14.344643 
29 8 15.525991 
29 9 16.600377 
29 10 17.572526 
29 11 18.447650 
29 12 19.231047 
29 13 19.927830 
29 14 20.542763 
29 15 21.080164 
29 16 21.543861 
29 17 21.937173 
29 18 22.262913 
29 19 22.523396 
29 20 22.720461 
29 21 22.855475 
29 22 22.929353 
29 23 22.942567 
29 24 22.895150 
29 25 22.786698 
29 26 22.616375 
29 27 22.382913 
29 28 22.084616 
29 29 21.719369 
29 30 21.284670 
29 31 20.777674 
29 32 20.195276 
29 33 19.534247 
29 34 18.791425 
29 35 17.963994 
29 36 17.049834 
29 37 16.047951 
29 38 14.958933 
29 39 13.785373 

30 0 3.312885 
30 1 5.300616 
30 2 7.208993 
30 3 9.014764 
30 4 10.702203 
30 5 12.262785 
30 6 13.693985 
30 7 14.997726 
30 8 16.178879 
30 9 17.244003 
30 10 18.200407 
30 11 19.055502 
30 12 19.816387 
30 13 20.489618 
30 14 21.081085 
30 15 21.595969 
30 16 22.038750 
30 17 22.413231 
30 18 22.722574 
30 19 22.969342 
30 20 23.155532 
30 21 23.282608 
30 22 23.351524 
30 23 23.362735 
30 24 23.316208 
30 25 23.211421 
30 26 23.047354 
30 27 22.822483 
30 28 22.534762 
30 29 22.181618 
30 30 21.759946 
30 31 21.266139 
30 32 20.696139 
30 33 20.045555 
30 34 19.309866 
30 35 18.484729 
30 36 17.566422 
30 37 16.552424 
30 38 15.442087 
30 39 14.237301 

31 0 3.561034 
31 1 5.697654 
31 2 7.732978 
31 3 9.639086 
31 4 11.399251 
31 5 13.006806 
31 6 14.462801 
31 7 15.773437 
31 8 16.947839 
31 9 17.996396 
31 10 18.929649 
31 11 19.757616 
31 12 20.489440 
31 13 21.133232 
31 14 21.696051 
31 15 22.183942 
31 16 22.602008 
31 17 22.954497 
31 18 23.244883 
31 19 23.475937 
31 20 23.649791 
31 21 23.767979 
31 22 23.831476 
31 23 23.840717 
31 24 23.795604 
31 25 23.695499 
31 26 23.539214 
31 27 23.324977 
31 28 23.050407 
31 29 22.712465 
31 30 22.307429 
31 31 21.830866 
31 32 21.277650 
31 33 20.642032 
31 34 19.917817 
31 35 19.098691 
31 36 18.178755 
31 37 17.153288 
31 38 16.019737 
31 39 14.778787 

32 0 3.872499 
32 1 6.195998 
32 2 8.386195 
32 3 10.409371 
32 4 12.248934 
32 5 13.902414 
32 6 15.377010 
32 7 16.685418 
32 8 17.842683 
32 9 18.864137 
32 10 19.764222 
32 11 20.555924 
32 12 21.250575 
32 13 21.857874 
32 14 22.386005 
32 15 22.841800 
32 16 23.230904 
32 17 23.557930 
32 18 23.826589 
32 19 24.039802 
32 20 24.199784 
32 21 24.308109 
32 22 24.365754 
32 23 24.373124 
32 24 24.330060 
32 25 24.235828 
32 26 24.089093 
32 27 23.887875 
32 28 23.629489 
32 29 23.310473 
32 30 22.926502 
32 31 22.472310 
32 32 21.941625 
32 33 21.327164 
32 34 20.620733 
32 35 19.813518 
32 36 18.896669 
32 37 17.862283 
32 38 16.704828 
32 39 15.422890 

33 0 4.267285 
33 1 6.827656 
33 2 9.206447 
33 3 11.363286 
33 4 13.284721 
33 5 14.976931 
33 6 16.457434 
33 7 17.748576 
33 8 18.873375 
33 9 19.853285 
33 10 20.707221 
33 11 21.451327 
33 12 22.099111 
33 13 22.661735 
33 14 23.148348 
33 15 23.566404 
33 16 23.921935 
33 17 24.219787 
33 18 24.463800 
33 19 24.656958 
33 20 24.801495 
33 21 24.898981 
33 22 24.950370 
33 23 24.956028 
33 24 24.915748 
33 25 24.828723 
33 26 24.693518 
33 27 24.508001 
33 28 24.269263 
33 29 23.973495 
33 30 23.615856 
33 31 23.190304 
33 32 22.689431 
33 33 22.104318 
33 34 21.424483 
33 35 20.638026 
33 36 19.732166 
33 37 18.694390 
33 38 17.514443 
33 39 16.187173 

34 0 4.775565 
34 1 7.640905 
34 2 10.248663 
34 3 12.552622 
34 4 14.549754 
34 5 16.263179 
34 6 17.727245 
34 7 18.978104 
34 8 20.048989 
34 9 20.968442 
34 10 21.760087 
34 11 22.443093 
34 12 23.032849 
34 13 23.541650 
34 14 23.979295 
34 15 24.353580 
34 16 24.670697 
34 17 24.935536 
34 18 25.151921 
34 19 25.322788 
34 20 25.450314 
34 21 25.536007 
34 22 25.580771 
34 23 25.584929 
34 24 25.548236 
34 25 25.469855 
34 26 25.348309 
34 27 25.181406 
34 28 24.966120 
34 29 24.698442 
34 30 24.373174 
34 31 23.983668 
34 32 23.521525 
34 33 22.976243 
34 34 22.334900 
34 35 21.581980 
34 36 20.699621 
34 37 19.668703 
34 38 18.471416 
34 39 17.095778 

35 0 5.444838 
35 1 8.711741 
35 2 11.594689 
35 3 14.048800 
35 4 16.098508 
35 5 17.798807 
35 6 19.210286 
35 7 20.387631 
35 8 21.376064 
35 9 22.211436 
35 10 22.921625 
35 11 23.528143 
35 12 24.047579 
35 13 24.492761 
35 14 24.873641 
35 15 25.197967 
35 16 25.471780 
35 17 25.699782 
35 18 25.885605 
35 19 26.032006 
35 20 26.141012 
35 21 26.214013 
35 22 26.251826 
35 23 26.254729 
35 24 26.222461 
35 25 26.154200 
35 26 26.048507 
35 27 25.903240 
35 28 25.715417 
35 29 25.481027 
35 30 25.194773 
35 31 24.849714 
35 32 24.436801 
35 33 23.944270 
35 34 23.356931 
35 35 22.655412 
35 36 21.815670 
35 37 20.809419 
35 38 19.606770 
35 39 18.182936 

36 0 6.354087 
36 1 10.166540 
36 2 13.369563 
36 3 15.949390 
36 4 17.996688 
36 5 19.623270 
36 6 20.927479 
36 7 21.986092 
36 8 22.856221 
36 9 23.579641 
36 10 24.186862 
36 11 24.700303 
36 12 25.136596 
36 13 25.508207 
36 14 25.824576 
36 15 26.092902 
36 16 26.318712 
36 17 26.506247 
36 18 26.658750 
36 19 26.778660 
36 20 26.867755 
36 21 26.927245 
36 22 26.957833 
36 23 26.959742 
36 24 26.932721 
36 25 26.876017 
36 26 26.788321 
36 27 26.667671 
36 28 26.511319 
36 29 26.315515 
36 30 26.075215 
36 31 25.783653 
36 32 25.431728 
36 33 25.007141 
36 34 24.493175 
36 35 23.867097 
36 36 23.098256 
36 37 22.146560 
36 38 20.963336 
36 39 19.499277 

37 0 7.644234 
37 1 12.230774 
37 2 15.767639 
37 3 18.382520 
37 4 20.315594 
37 5 21.770120 
37 6 22.890285 
37 7 23.773053 
37 8 24.483106 
37 9 25.064065 
37 10 25.545900 
37 11 25.949634 
37 12 26.290318 
37 13 26.578924 
37 14 26.823580 
37 15 27.030383 
37 16 27.203947 
37 17 27.347774 
37 18 27.464518 
37 19 27.556160 
37 20 27.624136 
37 21 27.669414 
37 22 27.692552 
37 23 27.693719 
37 24 27.672698 
37 25 27.628861 
37 26 27.561119 
37 27 27.467839 
37 28 27.346706 
37 29 27.194531 
37 30 27.006950 
37 31 26.777983 
37 32 26.499349 
37 33 26.159416 
37 34 25.741559 
37 35 25.221570 
37 36 24.563721 
37 37 23.715253 
37 38 22.600757 
37 39 21.124240 

38 0 9.590429 
38 1 15.344687 
38 2 19.087705 
38 3 21.497465 
38 4 23.113058 
38 5 24.251342 
38 6 25.090498 
38 7 25.732741 
38 8 26.239100 
38 9 26.647629 
38 10 26.983055 
38 11 27.262034 
38 12 27.496136 
38 13 27.693609 
38 14 27.860458 
38 15 28.001126 
38 16 28.118941 
38 17 28.216408 
38 18 28.295412 
38 19 28.357352 
38 20 28.403238 
38 21 28.433747 
38 22 28.449267 
38 23 28.449909 
38 24 28.435516 
38 25 28.405634 
38 26 28.359482 
38 27 28.295882 
38 28 28.213159 
38 29 28.108975 
38 30 27.980096 
38 31 27.822003 
38 32 27.628288 
38 33 27.389638 
38 34 27.092094 
38 35 26.713923 
38 36 26.219825 
38 37 25.549989 
38 38 24.600216 
38 39 23.193086 

39 0 12.793651 
39 1 20.469842 
39 2 23.741032 
39 3 25.406582 
39 4 26.387834 
39 5 27.031701 
39 6 27.487630 
39 7 27.828325 
39 8 28.092931 
39 9 28.304306 
39 10 28.476670 
39 11 28.619324 
39 12 28.738596 
39 13 28.838932 
39 14 28.923530 
39 15 28.994737 
39 16 29.054298 
39 17 29.103521 
39 18 29.143385 
39 19 29.174616 
39 20 29.197733 
39 21 29.213087 
39 22 29.220875 
39 23 29.221153 
39 24 29.213838 
39 25 29.198693 
39 26 29.175308 
39 27 29.143067 
39 28 29.101087 
39 29 29.048131 
39 30 28.982470 
39 31 28.901661 
39 32 28.802178 
39 33 28.678769 
39 34 28.523268 
39 35 28.322215 
39 36 28.051677 
39 37 27.664675 
39 38 27.057040 
39 39 25.963275 


