0 0 40.000000 
0 1 40.000000 
0 2 40.000000 
0 3 40.000000 
0 4 40.000000 
0 5 40.000000 
0 6 40.000000 
0 7 40.000000 
0 8 40.000000 
0 9 40.000000 
0 10 40.000000 
0 11 40.000000 
0 12 40.000000 
0 13 40.000000 
0 14 40.000000 
0 15 40.000000 
0 16 40.000000 
0 17 40.000000 
0 18 40.000000 
0 19 40.000000 
0 20 40.000000 
0 21 40.000000 
0 22 40.000000 
0 23 40.000000 
0 24 40.000000 
0 25 40.000000 
0 26 40.000000 
0 27 40.000000 
0 28 40.000000 
0 29 40.000000 
0 30 40.000000 
0 31 40.000000 
0 32 40.000000 
0 33 40.000000 
0 34 40.000000 
0 35 40.000000 
0 36 40.000000 
0 37 40.000000 
0 38 40.000000 
0 39 40.000000 

1 0 16.921702 
1 1 27.074723 
1 2 31.355374 
1 3 33.496494 
1 4 34.726882 
1 5 35.509423 
1 6 36.043702 
1 7 36.426961 
1 8 36.711684 
1 9 36.928615 
1 10 37.096965 
1 11 37.229367 
1 12 37.334468 
1 13 37.418384 
1 14 37.485549 
1 15 37.539238 
1 16 37.581908 
1 17 37.615410 
1 18 37.641138 
1 19 37.660130 
1 20 37.673131 
1 21 37.680643 
1 22 37.682948 
1 23 37.680124 
1 24 37.672044 
1 25 37.658364 
1 26 37.638495 
1 27 37.611556 
1 28 37.576297 
1 29 37.530981 
1 30 37.473202 
1 31 37.399585 
1 32 37.305300 
1 33 37.183199 
1 34 37.022236 
1 35 36.804293 
1 36 36.497273 
1 37 36.038338 
1 38 35.288385 
1 39 33.893195 

2 0 12.514858 
2 1 20.023773 
2 2 24.852963 
2 3 27.907111 
2 4 29.905696 
2 5 31.271865 
2 6 32.243827 
2 7 32.958482 
2 8 33.497774 
2 9 33.912983 
2 10 34.237576 
2 11 34.494219 
2 12 34.698759 
2 13 34.862570 
2 14 34.993995 
2 15 35.099252 
2 16 35.183033 
2 17 35.248894 
2 18 35.299523 
2 19 35.336928 
2 20 35.362558 
2 21 35.377386 
2 22 35.381966 
2 23 35.376452 
2 24 35.360602 
2 25 35.333759 
2 26 35.294793 
2 27 35.242016 
2 28 35.173048 
2 29 35.084600 
2 30 34.972155 
2 31 34.829458 
2 32 34.647705 
2 33 34.414190 
2 34 34.109986 
2 35 33.705773 
2 36 33.154114 
2 37 32.374865 
2 38 31.228669 
2 39 29.478524 

3 0 9.785279 
3 1 15.656446 
3 2 20.130929 
3 3 23.380043 
3 4 25.725055 
3 5 27.437976 
3 6 28.712009 
3 7 29.677353 
3 8 30.421108 
3 9 31.002239 
3 10 31.461451 
3 11 31.827462 
3 12 32.120963 
3 13 32.357148 
3 14 32.547355 
3 15 32.700152 
3 16 32.822070 
3 17 32.918099 
3 18 32.992042 
3 19 33.046749 
3 20 33.084287 
3 21 33.106054 
3 22 33.112846 
3 23 33.104896 
3 24 33.081871 
3 25 33.042851 
3 26 32.986254 
3 27 32.909725 
3 28 32.809964 
3 29 32.682458 
3 30 32.521086 
3 31 32.317528 
3 32 32.060357 
3 33 31.733636 
3 34 31.314724 
3 35 30.770833 
3 36 30.053773 
3 37 29.092604 
3 38 27.786155 
3 39 26.005765 

4 0 7.932248 
4 1 12.691597 
4 2 16.642201 
4 3 19.767113 
4 4 22.188592 
4 5 24.057047 
4 6 25.504869 
4 7 26.635636 
4 8 27.526636 
4 9 28.234635 
4 10 28.801301 
4 11 29.257434 
4 12 29.626038 
4 13 29.924479 
4 14 30.166005 
4 15 30.360797 
4 16 30.516723 
4 17 30.639865 
4 18 30.734892 
4 19 30.805333 
4 20 30.853762 
4 21 30.881928 
4 22 30.890841 
4 23 30.880804 
4 24 30.851431 
4 25 30.801601 
4 26 30.729398 
4 27 30.631979 
4 28 30.505387 
4 29 30.344282 
4 30 30.141537 
4 31 29.887675 
4 32 29.570049 
4 33 29.171691 
4 34 28.669689 
4 35 28.033054 
4 36 27.220184 
4 37 26.176840 
4 38 24.837287 
4 39 23.134901 

5 0 6.589454 
5 1 10.543126 
5 2 13.989620 
5 3 16.870841 
5 4 19.221075 
5 5 21.115289 
5 6 22.635848 
5 7 23.857164 
5 8 24.840947 
5 9 25.636323 
5 10 26.281684 
5 11 26.806841 
5 12 27.234938 
5 13 27.583999 
5 14 27.868114 
5 15 28.098331 
5 16 28.283325 
5 17 28.429888 
5 18 28.543291 
5 19 28.627550 
5 20 28.685619 
5 21 28.719518 
5 22 28.730427 
5 23 28.718722 
5 24 28.683987 
5 25 28.624987 
5 26 28.539590 
5 27 28.424654 
5 28 28.275847 
5 29 28.087399 
5 30 27.851749 
5 31 27.559079 
5 32 27.196687 
5 33 26.748188 
5 34 26.192553 
5 35 25.503112 
5 36 24.646901 
5 37 23.585231 
5 38 22.277215 
5 39 20.688703 

6 0 5.569519 
6 1 8.911230 
6 2 11.915180 
6 3 14.521831 
6 4 16.729176 
6 5 18.570006 
6 6 20.091993 
6 7 21.345126 
6 8 22.375399 
6 9 23.222438 
6 10 23.919199 
6 11 24.492579 
6 12 24.964311 
6 13 25.351882 
6 14 25.669326 
6 15 25.927891 
6 16 26.136564 
6 17 26.302482 
6 18 26.431253 
6 19 26.527189 
6 20 26.593489 
6 21 26.632364 
6 22 26.645116 
6 23 26.632189 
6 24 26.593174 
6 25 26.526788 
6 26 26.430808 
6 27 26.301973 
6 28 26.135829 
6 29 25.926526 
6 30 25.666545 
6 31 25.346357 
6 32 24.954007 
6 33 24.474658 
6 34 23.890165 
6 35 23.178843 
6 36 22.315794 
6 37 21.274370 
6 38 20.029591 
6 39 18.564177 

7 0 4.767601 
7 1 7.628162 
7 2 10.253196 
7 3 12.591295 
7 4 14.626873 
7 5 16.370440 
7 6 17.847525 
7 7 19.089985 
7 8 20.130458 
7 9 20.999358 
7 10 21.723589 
7 11 22.326216 
7 12 22.826648 
7 13 23.241024 
7 14 23.582659 
7 15 23.862467 
7 16 24.089331 
7 17 24.270419 
7 18 24.411430 
7 19 24.516800 
7 20 24.589847 
7 21 24.632887 
7 22 24.647305 
7 23 24.633602 
7 24 24.591405 
7 25 24.519447 
7 26 24.415521 
7 27 24.276400 
7 28 24.097716 
7 29 23.873816 
7 30 23.597569 
7 31 23.260152 
7 32 22.850820 
7 33 22.356723 
7 34 21.762827 
7 35 21.052116 
7 36 20.206307 
7 37 19.207377 
7 38 18.040236 
7 39 16.696505 

8 0 4.120781 
8 1 6.593250 
8 2 8.895447 
8 3 10.985158 
8 4 12.842927 
8 5 14.468032 
8 6 15.872529 
8 7 17.075682 
8 8 18.099745 
8 9 18.967208 
8 10 19.699223 
8 11 20.314839 
8 12 20.830740 
8 13 21.261268 
8 14 21.618587 
8 15 21.912901 
8 16 22.152676 
8 17 22.344852 
8 18 22.495026 
8 19 22.607601 
8 20 22.685905 
8 21 22.732286 
8 22 22.748173 
8 23 22.734113 
8 24 22.689787 
8 25 22.614000 
8 26 22.504642 
8 27 22.358639 
8 28 22.171869 
8 29 21.939064 
8 30 21.653703 
8 31 21.307899 
8 32 20.892318 
8 33 20.396169 
8 34 19.807339 
8 35 19.112782 
8 36 18.299297 
8 37 17.354838 
8 38 16.270427 
8 39 15.042476 

9 0 3.589179 
9 1 5.742686 
9 2 7.769465 
9 3 9.635349 
9 4 11.321009 
9 5 12.820420 
9 6 14.137720 
9 7 15.283770 
9 8 16.273177 
9 9 17.122065 
9 10 17.846585 
9 11 18.462017 
9 12 18.982287 
9 13 19.419769 
9 14 19.785253 
9 15 20.087998 
9 16 20.335843 
9 17 20.535319 
9 18 20.691764 
9 19 20.809429 
9 20 20.891564 
9 21 20.940486 
9 22 20.957630 
9 23 20.943581 
9 24 20.898088 
9 25 20.820060 
9 26 20.707551 
9 27 20.557719 
9 28 20.366790 
9 29 20.129998 
9 30 19.841545 
9 31 19.494571 
9 32 19.081167 
9 33 18.592475 
9 34 18.018923 
9 35 17.350662 
9 36 16.578272 
9 37 15.693792 
9 38 14.692036 
9 39 13.572029 

10 0 3.146405 
10 1 5.034248 
10 2 6.825470 
10 3 8.492439 
10 4 10.017460 
10 5 11.392316 
10 6 12.616647 
10 7 13.695865 
10 8 14.639135 
10 9 15.457686 
10 10 16.163557 
10 11 16.768719 
10 12 17.284531 
10 13 17.721423 
10 14 18.088743 
10 15 18.394701 
10 16 18.646384 
10 17 18.849795 
10 18 19.009913 
10 19 19.130749 
10 20 19.215405 
10 21 19.266119 
10 22 19.284304 
10 23 19.270570 
10 24 19.224741 
10 25 19.145856 
10 26 19.032164 
10 27 18.881109 
10 28 18.689319 
10 29 18.452584 
10 30 18.165863 
10 31 17.823311 
10 32 17.418354 
10 33 16.943842 
10 34 16.392317 
10 35 15.756426 
10 36 15.029515 
10 37 14.206399 
10 38 13.284265 
10 39 12.263566 

11 0 2.774387 
11 1 4.439019 
11 2 6.028447 
11 3 7.520210 
11 4 8.898673 
11 5 10.155024 
11 6 11.286456 
11 7 12.294930 
11 8 13.185831 
11 9 13.966741 
11 10 14.646430 
11 11 15.234100 
11 12 15.738846 
11 13 16.169296 
11 14 16.533401 
11 15 16.838306 
11 16 17.090299 
11 17 17.294796 
11 18 17.456355 
11 19 17.578691 
11 20 17.664715 
11 21 17.716550 
11 22 17.735562 
11 23 17.722377 
11 24 17.676894 
11 25 17.598292 
11 26 17.485034 
11 27 17.334871 
11 28 17.144849 
11 29 16.911322 
11 30 16.629983 
11 31 16.295933 
11 32 15.903787 
11 33 15.447845 
11 34 14.922358 
11 35 14.321888 
11 36 13.641784 
11 37 12.878753 
11 38 12.031473 
11 39 11.101161 

12 0 2.460396 
12 1 3.936633 
12 2 5.353248 
12 3 6.691836 
12 4 7.938793 
12 5 9.085490 
12 6 10.127891 
12 7 11.065824 
12 8 11.902095 
12 9 12.641621 
12 10 13.290650 
12 11 13.856135 
12 12 14.345246 
12 13 14.765023 
12 14 15.122128 
12 15 15.422689 
12 16 15.672208 
12 17 15.875499 
12 18 16.036674 
12 19 16.159126 
12 20 16.245546 
12 21 16.297921 
12 22 16.317558 
12 23 16.305086 
12 24 16.260474 
12 25 16.183042 
12 26 16.071470 
12 27 15.923813 
12 28 15.737528 
12 29 15.509502 
12 30 15.236110 
12 31 14.913296 
12 32 14.536696 
12 33 14.101811 
12 34 13.604246 
12 35 13.040015 
12 36 12.405914 
12 37 11.699937 
12 38 10.921703 
12 39 10.072818 

13 0 2.195263 
13 1 3.512421 
13 2 4.781489 
13 3 5.987232 
13 4 7.117871 
13 5 8.165310 
13 6 9.124986 
13 7 9.995445 
13 8 10.777765 
13 9 11.474947 
13 10 12.091332 
13 11 12.632088 
13 12 13.102802 
13 13 13.509150 
13 14 13.856660 
13 15 14.150534 
13 16 14.395530 
13 17 14.595887 
13 18 14.755272 
13 19 14.876754 
13 20 14.962793 
13 21 15.015233 
13 22 15.035307 
13 23 15.023643 
13 24 14.980273 
13 25 14.904648 
13 26 14.795656 
13 27 14.651640 
13 28 14.470439 
13 29 14.249426 
13 30 13.985581 
13 31 13.675576 
13 32 13.315904 
13 33 12.903039 
13 34 12.433645 
13 35 11.904826 
13 36 11.314421 
13 37 10.661304 
13 38 9.945683 
13 39 9.169338 

14 0 1.972266 
14 1 3.155625 
14 2 4.299529 
14 3 5.391214 
14 4 6.420462 
14 5 7.379833 
14 6 8.264629 
14 7 9.072654 
14 8 9.803850 
14 9 10.459861 
14 10 11.043605 
14 11 11.558868 
14 12 12.009959 
14 13 12.401426 
14 14 12.737821 
14 15 13.023533 
14 16 13.262654 
14 17 13.458889 
14 18 13.615489 
14 19 13.735211 
14 20 13.820289 
14 21 13.872422 
14 22 13.892768 
14 23 13.881946 
14 24 13.840042 
14 25 13.766628 
14 26 13.660778 
14 27 13.521098 
14 28 13.345766 
14 29 13.132585 
14 30 12.879055 
14 31 12.582461 
14 32 12.239997 
14 33 11.848913 
14 34 11.406689 
14 35 10.911248 
14 36 10.361172 
14 37 9.755937 
14 38 9.096119 
14 39 8.383550 

15 0 1.786406 
15 1 2.858250 
15 2 3.897135 
15 3 4.892218 
15 4 5.834577 
15 5 6.717423 
15 6 7.536130 
15 7 8.288105 
15 8 8.972551 
15 9 9.590169 
15 10 10.142831 
15 11 10.633270 
15 12 11.064794 
15 13 11.441030 
15 14 11.765726 
15 15 12.042578 
15 16 12.275099 
15 17 12.466522 
15 18 12.619724 
15 19 12.737175 
15 20 12.820900 
15 21 12.872459 
15 22 12.892936 
15 23 12.882937 
15 24 12.842595 
15 25 12.771582 
15 26 12.669139 
15 27 12.534099 
15 28 12.364934 
15 29 12.159812 
15 30 11.916666 
15 31 11.633286 
15 32 11.307429 
15 33 10.936950 
15 34 10.519955 
15 35 10.054968 
15 36 9.541106 
15 37 8.978253 
15 38 8.367207 
15 39 7.709790 

16 0 1.633939 
16 1 2.614303 
16 2 3.566581 
16 3 4.481407 
16 4 5.350901 
16 5 6.168867 
16 6 6.930844 
16 7 7.634048 
16 8 8.277217 
16 9 8.860404 
16 10 9.384732 
16 11 9.852149 
16 12 10.265189 
16 13 10.626762 
16 14 10.939964 
16 15 11.207922 
16 16 11.433665 
16 17 11.620026 
16 18 11.769557 
16 19 11.884478 
16 20 11.966627 
16 21 12.017442 
16 22 12.037936 
16 23 12.028699 
16 24 11.989899 
16 25 11.921297 
16 26 11.822270 
16 27 11.691841 
16 28 11.528728 
16 29 11.331399 
16 30 11.098137 
16 31 10.827136 
16 32 10.516592 
16 33 10.164827 
16 34 9.770412 
16 35 9.332314 
16 36 8.850026 
16 37 8.323706 
16 38 7.754284 
16 39 7.143538 

17 0 1.512053 
17 1 2.419285 
17 2 3.302031 
17 3 4.152034 
17 4 4.962232 
17 5 5.726924 
17 6 6.441845 
17 7 7.104139 
17 8 7.712264 
17 9 8.265841 
17 10 8.765469 
17 11 9.212527 
17 12 9.608977 
17 13 9.957182 
17 14 10.259734 
17 15 10.519312 
17 16 10.738557 
17 17 10.919976 
17 18 11.065856 
17 19 11.178205 
17 20 11.258707 
17 21 11.308691 
17 22 11.329112 
17 23 11.320541 
17 24 11.283174 
17 25 11.216840 
17 26 11.121025 
17 27 10.994906 
17 28 10.837396 
17 29 10.647197 
17 30 10.422870 
17 31 10.162915 
17 32 9.865863 
17 33 9.530382 
17 34 9.155385 
17 35 8.740151 
17 36 8.284436 
17 37 7.788577 
17 38 7.253576 
17 39 6.681156 

18 0 1.418653 
18 1 2.269845 
18 2 3.099114 
18 3 3.899007 
18 4 4.663065 
18 5 5.385982 
18 6 6.063674 
18 7 6.693280 
18 8 7.273101 
18 9 7.802484 
18 10 8.281679 
18 11 8.711676 
18 12 9.094035 
18 13 9.430723 
18 14 9.723965 
18 15 9.976106 
18 16 10.189497 
18 17 10.366393 
18 18 10.508876 
18 19 10.618791 
18 20 10.697697 
18 21 10.746837 
18 22 10.767116 
18 23 10.759091 
18 24 10.722974 
18 25 10.658644 
18 26 10.565672 
18 27 10.443348 
18 28 10.290731 
18 29 10.106698 
18 30 9.890014 
18 31 9.639401 
18 32 9.353631 
18 33 9.031617 
18 34 8.672510 
18 35 8.275801 
18 36 7.841420 
18 37 7.369816 
18 38 6.862025 
18 39 6.319715 

19 0 1.352219 
19 1 2.163550 
19 2 2.954642 
19 3 3.718575 
19 4 4.449306 
19 5 5.141808 
19 6 5.792144 
19 7 6.397483 
19 8 6.956050 
19 9 7.467041 
19 10 7.930497 
19 11 8.347167 
19 12 8.718354 
19 13 9.045772 
19 14 9.331402 
19 15 9.577365 
19 16 9.785812 
19 17 9.958827 
19 18 10.098346 
19 19 10.206098 
19 20 10.283554 
19 21 10.331892 
19 22 10.351980 
19 23 10.344362 
19 24 10.309259 
19 25 10.246584 
19 26 10.155962 
19 27 10.036763 
19 28 9.888142 
19 29 9.709094 
19 30 9.498518 
19 31 9.255285 
19 32 8.978321 
19 33 8.666697 
19 34 8.319712 
19 35 7.936990 
19 36 7.518562 
19 37 7.064938 
19 38 6.577168 
19 39 6.056871 

20 0 1.311706 
20 1 2.098730 
20 2 2.866414 
20 3 3.608130 
20 4 4.318069 
20 5 4.991371 
20 6 5.624203 
20 7 6.213773 
20 8 6.758295 
20 9 7.256906 
20 10 7.709561 
20 11 8.116896 
20 12 8.480091 
20 13 8.800732 
20 14 9.080673 
20 15 9.321918 
20 16 9.526507 
20 17 9.696427 
20 18 9.833534 
20 19 9.939486 
20 20 10.015700 
20 21 10.063317 
20 22 10.083179 
20 23 10.075819 
20 24 10.041462 
20 25 9.980036 
20 26 9.891195 
20 27 9.774350 
20 28 9.628709 
20 29 9.453329 
20 30 9.247178 
20 31 9.009204 
20 32 8.738411 
20 33 8.433947 
20 34 8.095184 
20 35 7.721804 
20 36 7.313883 
20 37 6.871953 
20 38 6.397057 
20 39 5.890780 

21 0 1.296491 
21 1 2.074386 
21 2 2.833104 
21 3 3.566078 
21 4 4.267557 
21 5 4.932740 
21 6 5.557845 
21 7 6.140126 
21 8 6.677837 
21 9 7.170144 
21 10 7.617020 
21 11 8.019111 
21 12 8.377598 
21 13 8.694060 
21 14 8.970337 
21 15 9.208415 
21 16 9.410314 
21 17 9.577998 
21 18 9.713301 
21 19 9.817860 
21 20 9.893075 
21 21 9.940072 
21 22 9.959681 
21 23 9.952427 
21 24 9.918532 
21 25 9.857923 
21 26 9.770259 
21 27 9.654954 
21 28 9.511224 
21 29 9.338136 
21 30 9.134664 
21 31 8.899764 
21 32 8.632447 
21 33 8.331861 
21 34 7.997377 
21 35 7.628673 
21 36 7.225815 
21 37 6.789319 
21 38 6.320212 
21 39 5.820057 

22 0 1.306344 
22 1 2.090151 
22 2 2.854208 
22 3 3.591780 
22 4 4.297003 
22 5 4.965023 
22 6 5.592064 
22 7 6.175435 
22 8 6.713478 
22 9 7.205477 
22 10 7.651532 
22 11 8.052419 
22 12 8.409443 
22 13 8.724294 
22 14 8.998911 
22 15 9.235360 
22 16 9.435727 
22 17 9.602028 
22 18 9.736134 
22 19 9.839709 
22 20 9.914169 
22 21 9.960649 
22 22 9.979980 
22 23 9.972683 
22 24 9.938970 
22 25 9.878753 
22 26 9.791665 
22 27 9.677094 
22 28 9.534219 
22 29 9.362060 
22 30 9.159541 
22 31 8.925557 
22 32 8.659052 
22 33 8.359100 
22 34 8.025001 
22 35 7.656361 
22 36 7.253182 
22 37 6.815932 
22 38 6.345604 
22 39 5.843753 

23 0 1.341430 
23 1 2.146288 
23 2 2.930044 
23 3 3.685555 
23 4 4.406668 
23 5 5.088372 
23 6 5.726856 
23 7 6.319504 
23 8 6.864815 
23 9 7.362286 
23 10 7.812266 
23 11 8.215787 
23 12 8.574409 
23 13 8.890055 
23 14 9.164875 
23 15 9.401115 
23 16 9.601013 
23 17 9.766707 
23 18 9.900163 
23 19 10.003118 
23 20 10.077038 
23 21 10.123089 
23 22 10.142115 
23 23 10.134637 
23 24 10.100848 
23 25 10.040628 
23 26 9.953565 
23 27 9.838982 
23 28 9.695977 
23 29 9.523474 
23 30 9.320284 
23 31 9.085171 
23 32 8.816937 
23 33 8.514508 
23 34 8.177032 
23 35 7.803974 
23 36 7.395213 
23 37 6.951126 
23 38 6.472657 
23 39 5.961361 

24 0 1.402337 
24 1 2.243739 
24 2 3.061813 
24 3 3.848742 
24 4 4.597904 
24 5 5.304031 
24 6 5.963257 
24 7 6.573084 
24 8 7.132259 
24 9 7.640619 
24 10 8.098901 
24 11 8.508541 
24 12 8.871492 
24 13 9.190043 
24 14 9.466670 
24 15 9.703900 
24 16 9.904207 
24 17 10.069922 
24 18 10.203161 
24 19 10.305775 
24 20 10.379312 
24 21 10.424988 
24 22 10.443675 
24 23 10.435891 
24 24 10.401806 
24 25 10.341254 
24 26 10.253750 
24 27 10.138519 
24 28 9.994537 
24 29 9.820578 
24 30 9.615275 
24 31 9.377192 
24 32 9.104907 
24 33 8.797114 
24 34 8.452724 
24 35 8.070978 
24 36 7.651561 
24 37 7.194706 
24 38 6.701280 
24 39 6.172844 

25 0 1.490139 
25 1 2.384223 
25 2 3.251715 
25 3 4.083828 
25 4 4.873276 
25 5 5.614445 
25 6 6.303427 
25 7 6.937923 
25 8 7.517067 
25 9 8.041199 
25 10 8.511620 
25 11 8.930344 
25 12 9.299873 
25 13 9.623006 
25 14 9.902665 
25 15 10.141761 
25 16 10.343089 
25 17 10.509235 
25 18 10.642520 
25 19 10.744947 
25 20 10.818172 
25 21 10.863483 
25 22 10.881782 
25 23 10.873591 
25 24 10.839048 
25 25 10.777924 
25 26 10.689638 
25 27 10.573286 
25 28 10.427679 
25 29 10.251386 
25 30 10.042798 
25 31 9.800200 
25 32 9.521864 
25 33 9.206151 
25 34 8.851635 
25 35 8.457234 
25 36 8.022350 
25 37 7.546998 
25 38 7.031927 
25 39 6.478698 

26 0 1.606497 
26 1 2.570395 
26 2 3.503156 
26 3 4.394664 
26 4 5.236761 
26 5 6.023431 
26 6 6.750780 
26 7 7.416858 
26 8 8.021388 
26 9 8.565440 
26 10 9.051100 
26 11 9.481165 
26 12 9.858876 
26 13 10.187691 
26 14 10.471109 
26 15 10.712527 
26 16 10.915136 
26 17 11.081845 
26 18 11.215221 
26 19 11.317454 
26 20 11.390331 
26 21 11.435222 
26 22 11.453072 
26 23 11.444400 
26 24 11.409308 
26 25 11.347489 
26 26 11.258246 
26 27 11.140513 
26 28 10.992893 
26 29 10.813698 
26 30 10.601011 
26 31 10.352757 
26 32 10.066800 
26 33 9.741060 
26 34 9.373652 
26 35 8.963046 
26 36 8.508240 
26 37 8.008932 
26 38 7.465684 
26 39 6.880037 

27 0 1.753813 
27 1 2.806100 
27 2 3.821047 
27 3 4.786776 
27 4 5.694045 
27 5 6.536417 
27 6 7.310160 
27 7 8.013923 
27 8 8.648318 
27 9 9.215448 
27 10 9.718475 
27 11 10.161232 
27 12 10.547903 
27 13 10.882778 
27 14 11.170062 
27 15 11.413736 
27 16 11.617465 
27 17 11.784529 
27 18 11.917780 
27 19 12.019621 
27 20 12.091983 
27 21 12.136331 
27 22 12.153650 
27 23 12.144461 
27 24 12.108819 
27 25 12.046326 
27 26 11.956150 
27 27 11.837035 
27 28 11.687339 
27 29 11.505065 
27 30 11.287918 
27 31 11.033376 
27 32 10.738788 
27 33 10.401503 
27 34 10.019029 
27 35 9.589223 
27 36 9.110520 
27 37 8.582158 
27 38 8.004403 
27 39 7.378734 

28 0 1.935465 
28 1 3.096744 
28 2 4.212258 
28 3 5.267835 
28 4 6.252931 
28 5 7.160774 
28 6 7.988075 
28 7 8.734488 
28 8 9.401948 
28 9 9.994013 
28 10 10.515287 
28 11 10.970938 
28 12 11.366335 
28 13 11.706773 
28 14 11.997293 
28 15 12.242552 
28 16 12.446748 
28 17 12.613571 
28 18 12.746186 
28 19 12.847218 
28 20 12.918756 
28 21 12.962356 
28 22 12.979049 
28 23 12.969347 
28 24 12.933256 
28 25 12.870278 
28 26 12.779426 
28 27 12.659236 
28 28 12.507786 
28 29 12.322723 
28 30 12.101308 
28 31 11.840482 
28 32 11.536960 
28 33 11.187367 
28 34 10.788421 
28 35 10.337160 
28 36 9.831232 
28 37 9.269205 
28 38 8.650888 
28 39 7.977604 

29 0 2.156160 
29 1 3.449857 
29 2 4.686290 
29 3 5.848313 
29 4 6.923918 
29 5 7.906245 
29 6 8.792974 
29 7 9.585393 
29 8 10.287395 
29 9 10.904556 
29 10 11.443381 
29 11 11.910726 
29 12 12.313399 
29 13 12.657881 
29 14 12.950163 
29 15 13.195650 
29 16 13.399113 
29 17 13.564677 
29 18 13.695822 
29 19 13.795399 
29 20 13.865649 
29 21 13.908216 
29 22 13.924169 
29 23 13.914009 
29 24 13.877684 
29 25 13.814592 
29 26 13.723586 
29 27 13.602974 
29 28 13.450534 
29 29 13.263516 
29 30 13.038681 
29 31 12.772342 
29 32 12.460455 
29 33 12.098748 
29 34 11.682924 
29 35 11.208932 
29 36 10.673329 
29 37 10.073707 
29 38 9.409155 
29 39 8.680686 

30 0 2.422470 
30 1 3.875952 
30 2 5.256266 
30 3 6.542440 
30 4 7.720973 
30 5 8.785496 
30 6 9.735558 
30 7 10.575068 
30 8 11.310776 
30 9 11.951013 
30 10 12.504739 
30 11 12.980895 
30 12 13.387984 
30 13 13.733830 
30 14 14.025465 
30 15 14.269081 
30 16 14.470033 
30 17 14.632873 
30 18 14.761384 
30 19 14.858625 
30 20 14.926969 
30 21 14.968137 
30 22 14.983223 
30 23 14.972713 
30 24 14.936493 
30 25 14.873857 
30 26 14.783496 
30 27 14.663493 
30 28 14.511313 
30 29 14.323791 
30 30 14.097140 
30 31 13.826970 
30 32 13.508347 
30 33 13.135916 
30 34 12.704098 
30 35 12.207403 
30 36 11.640880 
30 37 11.000694 
30 38 10.284803 
30 39 9.493630 

31 0 2.743662 
31 1 4.389860 
31 2 5.940440 
31 3 7.369576 
31 4 8.662582 
31 5 9.814771 
31 6 10.829100 
31 7 11.713588 
31 8 12.479088 
31 9 13.137614 
31 10 13.701223 
31 11 14.181339 
31 12 14.588390 
31 13 14.931657 
31 14 15.219243 
31 15 15.458120 
31 16 15.654196 
31 17 15.812408 
31 18 15.936798 
31 19 16.030593 
31 20 16.096269 
31 21 16.135597 
31 22 16.149681 
31 23 16.138983 
31 24 16.103332 
31 25 16.041921 
31 26 15.953294 
31 27 15.835323 
31 28 15.685173 
31 29 15.499267 
31 30 15.273252 
31 31 15.001979 
31 32 14.679518 
31 33 14.299234 
31 34 13.853960 
31 35 13.336333 
31 36 12.739321 
31 37 12.056999 
31 38 11.285535 
31 39 10.424268 

32 0 3.133039 
32 1 5.012862 
32 2 6.764520 
32 3 8.356188 
32 4 9.773122 
32 5 11.014642 
32 6 12.089672 
32 7 13.012554 
32 8 13.799894 
32 9 14.468496 
32 10 15.034174 
32 11 15.511184 
32 12 15.912022 
32 13 16.247443 
32 14 16.526579 
32 15 16.757098 
32 16 16.945376 
32 17 17.096644 
32 18 17.215132 
32 19 17.304172 
32 20 17.366290 
32 21 17.403274 
32 22 17.416217 
32 23 17.405550 
32 24 17.371047 
32 25 17.311820 
32 26 17.226295 
32 27 17.112166 
32 28 16.966341 
32 29 16.784868 
32 30 16.562853 
32 31 16.294381 
32 32 15.972455 
32 33 15.588988 
32 34 15.134908 
32 35 14.600451 
32 36 13.975744 
32 37 13.251793 
32 38 12.421910 
32 39 11.483461 

33 0 3.610160 
33 1 5.776257 
33 2 7.765338 
33 3 9.538716 
33 4 11.084581 
33 5 12.410701 
33 6 13.536128 
33 7 14.484671 
33 8 15.280738 
33 9 15.947086 
33 10 16.503852 
33 11 16.968308 
33 12 17.354996 
33 13 17.676017 
33 14 17.941362 
33 15 18.159229 
33 16 18.336298 
33 17 18.477966 
33 18 18.588531 
33 19 18.671344 
33 20 18.728917 
33 21 18.763006 
33 22 18.774672 
33 23 18.764303 
33 24 18.731632 
33 25 18.675716 
33 26 18.594905 
33 27 18.486781 
33 28 18.348069 
33 29 18.174529 
33 30 17.960812 
33 31 17.700300 
33 32 17.384940 
33 33 17.005100 
33 34 16.549516 
33 35 16.005445 
33 36 15.359196 
33 37 14.597286 
33 38 13.708435 
33 39 12.686406 

34 0 4.204726 
34 1 6.727562 
34 2 8.996784 
34 3 10.967634 
34 4 12.638511 
34 5 14.033919 
34 6 15.189534 
34 7 16.142782 
34 8 16.928101 
34 9 17.575167 
34 10 18.108665 
34 11 18.548744 
34 12 18.911691 
34 13 19.210617 
34 14 19.456050 
34 15 19.656436 
34 16 19.818527 
34 17 19.947692 
34 18 20.048155 
34 19 20.123170 
34 20 20.175152 
34 21 20.205776 
34 22 20.216035 
34 23 20.206271 
34 24 20.176189 
34 25 20.124833 
34 26 20.050540 
34 27 19.950866 
34 28 19.822473 
34 29 19.660973 
34 30 19.460727 
34 31 19.214590 
34 32 18.913599 
34 33 18.546634 
34 34 18.100094 
34 35 17.557731 
34 36 16.900892 
34 37 16.109615 
34 38 15.165198 
34 39 14.054719 

35 0 4.963733 
35 1 7.941973 
35 2 10.539601 
35 3 12.712966 
35 4 14.487707 
35 5 15.919980 
35 6 17.071496 
35 7 17.998015 
35 8 18.745773 
35 9 19.351579 
35 10 19.844202 
35 11 20.245981 
35 12 20.574265 
35 13 20.842565 
35 14 21.061452 
35 15 21.239217 
35 16 21.382376 
35 17 21.496034 
35 18 21.584160 
35 19 21.649778 
35 20 21.695117 
35 21 21.721707 
35 22 21.730441 
35 23 21.721613 
35 24 21.694917 
35 25 21.649433 
35 26 21.583566 
35 27 21.494961 
35 28 21.380370 
35 29 21.235467 
35 30 21.054582 
35 31 20.830354 
35 32 20.553259 
35 33 20.211013 
35 34 19.787854 
35 35 19.263790 
35 36 18.614116 
35 37 17.809834 
35 38 16.820303 
35 39 15.619943 

36 0 5.965634 
36 1 9.545015 
36 2 12.517665 
36 3 14.870814 
36 4 16.696098 
36 5 18.106271 
36 6 19.200583 
36 7 20.056674 
36 8 20.732479 
36 9 21.270544 
36 10 21.702099 
36 11 22.050232 
36 12 22.332186 
36 13 22.560982 
36 14 22.746556 
36 15 22.896548 
36 16 23.016867 
36 17 23.112081 
36 18 23.185703 
36 19 23.240389 
36 20 23.278080 
36 21 23.300099 
36 22 23.307209 
36 23 23.299647 
36 24 23.277126 
36 25 23.238813 
36 26 23.183272 
36 27 23.108373 
36 28 23.011151 
36 29 22.887600 
36 30 22.732376 
36 31 22.538374 
36 32 22.296111 
36 33 21.992865 
36 34 21.611460 
36 35 21.128662 
36 36 20.513284 
36 37 19.724660 
36 38 18.713510 
36 39 17.429886 

37 0 7.350797 
37 1 11.761276 
37 2 15.124118 
37 3 17.567767 
37 4 19.333133 
37 5 20.624185 
37 6 21.585793 
37 7 22.315578 
37 8 22.878840 
37 9 23.319783 
37 10 23.668921 
37 11 23.947784 
37 12 24.171881 
37 13 24.352605 
37 14 24.498461 
37 15 24.615876 
37 16 24.709753 
37 17 24.783843 
37 18 24.841001 
37 19 24.883375 
37 20 24.912520 
37 21 24.929493 
37 22 24.934897 
37 23 24.928910 
37 24 24.911289 
37 25 24.881345 
37 26 24.837894 
37 27 24.779173 
37 28 24.702707 
37 29 24.605111 
37 30 24.481797 
37 31 24.326526 
37 32 24.130729 
37 33 23.882458 
37 34 23.564735 
37 35 23.152979 
37 36 22.611055 
37 37 21.885770 
37 38 20.901257 
37 39 19.561040 

38 0 9.393801 
38 1 15.030082 
38 2 18.656490 
38 3 20.951510 
38 4 22.454723 
38 5 23.483466 
38 6 24.216375 
38 7 24.756107 
38 8 25.164103 
38 9 25.478810 
38 10 25.725319 
38 11 25.920623 
38 12 26.076602 
38 13 26.201786 
38 14 26.302430 
38 15 26.383201 
38 16 26.447620 
38 17 26.498357 
38 18 26.537434 
38 19 26.566360 
38 20 26.586227 
38 21 26.597770 
38 22 26.601406 
38 23 26.597256 
38 24 26.585141 
38 25 26.564568 
38 26 26.534694 
38 27 26.494252 
38 28 26.441459 
38 29 26.373848 
38 30 26.288033 
38 31 26.179323 
38 32 26.041116 
38 33 25.863886 
38 34 25.633441 
38 35 25.327795 
38 36 24.911376 
38 37 24.324083 
38 38 23.461409 
38 39 22.145612 

39 0 12.695035 
39 1 20.312056 
39 2 23.524762 
39 3 25.132766 
39 4 26.057655 
39 5 26.646583 
39 6 27.049226 
39 7 27.338507 
39 8 27.553781 
39 9 27.718101 
39 10 27.845869 
39 11 27.946557 
39 12 28.026649 
39 13 28.090729 
39 14 28.142123 
39 15 28.183289 
39 16 28.216070 
39 17 28.241857 
39 18 28.261697 
39 19 28.276370 
39 20 28.286438 
39 21 28.292279 
39 22 28.294107 
39 23 28.291982 
39 24 28.285810 
39 25 28.275334 
39 26 28.260113 
39 27 28.239487 
39 28 28.212518 
39 29 28.177904 
39 30 28.133841 
39 31 28.077799 
39 32 28.006155 
39 33 27.913551 
39 34 27.791702 
39 35 27.627024 
39 36 27.395444 
39 37 27.049840 
39 38 26.485889 
39 39 25.437929 


