0 0 40.000000 
0 1 40.000000 
0 2 40.000000 
0 3 40.000000 
0 4 40.000000 
0 5 40.000000 
0 6 40.000000 
0 7 40.000000 
0 8 40.000000 
0 9 40.000000 
0 10 40.000000 
0 11 40.000000 
0 12 40.000000 
0 13 40.000000 
0 14 40.000000 
0 15 40.000000 
0 16 40.000000 
0 17 40.000000 
0 18 40.000000 
0 19 40.000000 
0 20 40.000000 
0 21 40.000000 
0 22 40.000000 
0 23 40.000000 
0 24 40.000000 
0 25 40.000000 
0 26 40.000000 
0 27 40.000000 
0 28 40.000000 
0 29 40.000000 
0 30 40.000000 
0 31 40.000000 
0 32 40.000000 
0 33 40.000000 
0 34 40.000000 
0 35 40.000000 
0 36 40.000000 
0 37 40.000000 
0 38 40.000000 
0 39 40.000000 

1 0 17.026895 
1 1 27.243032 
1 2 31.586065 
1 3 33.788561 
1 4 35.079057 
1 5 35.920181 
1 6 36.511273 
1 7 36.949340 
1 8 37.286644 
1 9 37.553719 
1 10 37.769582 
1 11 37.946686 
1 12 38.093512 
1 13 38.216028 
1 14 38.318532 
1 15 38.404185 
1 16 38.475339 
1 17 38.533758 
1 18 38.580765 
1 19 38.617340 
1 20 38.644186 
1 21 38.661775 
1 22 38.670374 
1 23 38.670058 
1 24 38.660710 
1 25 38.642010 
1 26 38.613403 
1 27 38.574054 
1 28 38.522772 
1 29 38.457888 
1 30 38.377078 
1 31 38.277060 
1 32 38.153105 
1 33 37.998182 
1 34 37.801365 
1 35 37.544674 
1 36 37.196155 
1 37 36.693126 
1 38 35.896648 
1 39 34.452673 

2 0 12.724479 
2 1 20.359167 
2 2 25.312666 
2 3 28.489122 
2 4 30.607485 
2 5 32.090395 
2 6 33.175570 
2 7 33.999445 
2 8 34.643517 
2 9 35.158650 
2 10 35.577925 
2 11 35.923647 
2 12 36.211336 
2 13 36.452067 
2 14 36.653916 
2 15 36.822869 
2 16 36.963412 
2 17 37.078928 
2 18 37.171963 
2 19 37.244408 
2 20 37.297628 
2 21 37.332539 
2 22 37.349662 
2 23 37.349147 
2 24 37.330774 
2 25 37.293928 
2 26 37.237549 
2 27 37.160043 
2 28 37.059144 
2 29 36.931703 
2 30 36.773365 
2 31 36.578057 
2 32 36.337180 
2 33 36.038256 
2 34 35.662604 
2 35 35.181176 
2 36 34.546820 
2 37 33.679702 
2 38 32.440792 
2 39 30.593432 

3 0 10.097807 
3 1 16.156491 
3 2 20.816310 
3 3 24.247774 
3 4 26.771368 
3 5 28.658342 
3 6 30.101169 
3 7 31.229351 
3 8 32.129327 
3 9 32.859441 
3 10 33.459819 
3 11 33.958644 
3 12 34.376116 
3 13 34.726987 
3 14 35.022197 
3 15 35.269964 
3 16 35.476513 
3 17 35.646579 
3 18 35.783749 
3 19 35.890702 
3 20 35.969380 
3 21 36.021092 
3 22 36.046589 
3 23 36.046095 
3 24 36.019310 
3 25 35.965378 
3 26 35.882821 
3 27 35.769423 
3 28 35.622057 
3 29 35.436416 
3 30 35.206620 
3 31 34.924623 
3 32 34.579301 
3 33 34.155058 
3 34 33.629621 
3 35 32.970605 
3 36 32.130247 
3 37 31.038070 
3 38 29.593386 
3 39 27.668052 

4 0 8.345426 
4 1 13.352682 
4 2 17.548308 
4 3 20.914298 
4 4 23.571871 
4 5 25.670434 
4 6 27.341414 
4 7 28.687464 
4 8 29.785000 
4 9 30.689967 
4 10 31.443266 
4 11 32.074992 
4 12 32.607499 
4 13 33.057568 
4 14 33.437920 
4 15 33.758275 
4 16 34.026098 
4 17 34.247127 
4 18 34.425751 
4 19 34.565273 
4 20 34.668097 
4 21 34.735860 
4 22 34.769506 
4 23 34.769334 
4 24 34.734992 
4 25 34.665453 
4 26 34.558933 
4 27 34.412773 
4 28 34.223246 
4 29 33.985284 
4 30 33.692078 
4 31 33.334512 
4 32 32.900345 
4 33 32.373053 
4 34 31.730218 
4 35 30.941374 
4 36 29.965494 
4 37 28.748943 
4 38 27.226632 
4 39 25.332615 

5 0 7.100313 
5 1 11.360501 
5 2 15.109944 
5 3 18.289237 
5 4 20.931384 
5 5 23.110111 
5 6 24.906588 
5 7 26.394089 
5 8 27.633243 
5 9 28.672161 
5 10 29.548287 
5 11 30.290559 
5 12 30.921320 
5 13 31.457867 
5 14 31.913641 
5 15 32.299118 
5 16 32.622475 
5 17 32.890081 
5 18 33.106857 
5 19 33.276540 
5 20 33.401876 
5 21 33.484743 
5 22 33.526243 
5 23 33.526742 
5 24 33.485873 
5 25 33.402508 
5 26 33.274686 
5 27 33.099490 
5 28 32.872871 
5 29 32.589395 
5 30 32.241896 
5 31 31.821002 
5 32 31.314512 
5 33 30.706594 
5 34 29.976821 
5 35 29.099181 
5 36 28.041412 
5 37 26.765577 
5 38 25.231584 
5 39 23.406125 

6 0 6.174415 
6 1 9.879064 
6 2 13.241730 
6 3 16.201323 
6 4 18.754318 
6 5 20.932037 
6 6 22.780739 
6 7 24.349062 
6 8 25.681723 
6 9 26.817145 
6 10 27.787163 
6 11 28.617637 
6 12 29.329354 
6 13 29.938939 
6 14 30.459658 
6 15 30.902081 
6 16 31.274604 
6 17 31.583864 
6 18 31.835054 
6 19 32.032156 
6 20 32.178122 
6 21 32.274993 
6 22 32.323982 
6 23 32.325517 
6 24 32.279249 
6 25 32.184021 
6 26 32.037813 
6 27 31.837630 
6 28 31.579352 
6 29 31.257529 
6 30 30.865108 
6 31 30.393088 
6 32 29.830109 
6 33 29.161988 
6 34 28.371293 
6 35 27.437117 
6 36 26.335395 
6 37 25.040368 
6 38 23.528001 
6 39 21.782007 

7 0 5.462256 
7 1 8.739609 
7 2 11.776590 
7 3 14.520006 
7 4 16.952528 
7 5 19.082980 
7 6 20.935267 
7 7 22.539699 
7 8 23.927442 
7 9 25.127532 
7 10 26.165584 
7 11 27.063473 
7 12 27.839520 
7 13 28.508876 
7 14 29.083972 
7 15 29.574943 
7 16 29.989995 
7 17 30.335719 
7 18 30.617338 
7 19 30.838909 
7 20 31.003464 
7 21 31.113125 
7 22 31.169175 
7 23 31.172097 
7 24 31.121583 
7 25 31.016515 
7 26 30.854916 
7 27 30.633864 
7 28 30.349377 
7 29 29.996261 
7 30 29.567919 
7 31 29.056135 
7 32 28.450847 
7 33 27.739955 
7 34 26.909247 
7 35 25.942599 
7 36 24.822683 
7 37 23.532501 
7 38 22.058044 
7 39 20.392076 

8 0 4.900329 
8 1 7.840527 
8 2 10.605017 
8 3 13.149581 
8 4 15.452810 
8 5 17.512087 
8 6 19.337651 
8 7 20.947024 
8 8 22.360812 
8 9 23.599958 
8 10 24.684167 
8 11 25.631153 
8 12 26.456376 
8 13 27.173072 
8 14 27.792412 
8 15 28.323725 
8 16 28.774715 
8 17 29.151677 
8 18 29.459672 
8 19 29.702676 
8 20 29.883698 
8 21 30.004868 
8 22 30.067497 
8 23 30.072113 
8 24 30.018471 
8 25 29.905541 
8 26 29.731472 
8 27 29.493533 
8 28 29.188032 
8 29 28.810220 
8 30 28.354172 
8 31 27.812685 
8 32 27.177189 
8 33 26.437738 
8 34 25.583140 
8 35 24.601349 
8 36 23.480237 
8 37 22.208909 
8 38 20.779600 
8 39 19.190003 

9 0 4.448221 
9 1 7.117153 
9 2 9.653368 
9 3 12.020492 
9 4 14.197042 
9 5 16.174909 
9 6 17.956224 
9 7 19.549933 
9 8 20.968826 
9 9 22.227320 
9 10 23.339974 
9 11 24.320594 
9 12 25.181759 
9 13 25.934623 
9 14 26.588881 
9 15 27.152828 
9 16 27.633463 
9 17 28.036603 
9 18 28.366998 
9 19 28.628426 
9 20 28.823786 
9 21 28.955152 
9 22 29.023831 
9 23 29.030386 
9 24 28.974646 
9 25 28.855705 
9 26 28.671898 
9 27 28.420763 
9 28 28.099000 
9 29 27.702413 
9 30 27.225864 
9 31 26.663245 
9 32 26.007488 
9 33 25.250667 
9 34 24.384226 
9 35 23.399419 
9 36 22.288008 
9 37 21.043298 
9 38 19.661442 
9 39 18.142879 

10 0 4.079060 
10 1 6.526497 
10 2 8.870810 
10 3 11.081975 
10 4 13.139959 
10 5 15.034282 
10 6 16.762405 
10 7 18.327659 
10 8 19.737239 
10 9 21.000522 
10 10 22.127814 
10 11 23.129490 
10 12 24.015444 
10 13 24.794781 
10 14 25.475660 
10 15 26.065243 
10 16 26.569705 
10 17 26.994275 
10 18 27.343288 
10 19 27.620246 
10 20 27.827865 
10 21 27.968123 
10 22 28.042291 
10 23 28.050953 
10 24 27.994023 
10 25 27.870737 
10 26 27.679651 
10 27 27.418622 
10 28 27.084791 
10 29 26.674567 
10 30 26.183627 
10 31 25.606942 
10 32 24.938850 
10 33 24.173215 
10 34 23.303680 
10 35 22.324091 
10 36 21.229079 
10 37 20.014831 
10 38 18.679991 
10 39 17.226545 

11 0 3.774352 
11 1 6.038963 
11 2 8.221401 
11 3 10.296639 
11 4 12.246538 
11 5 14.059855 
11 6 15.731452 
11 7 17.261060 
11 8 18.651950 
11 9 19.909714 
11 10 21.041271 
11 11 22.054107 
11 12 22.955747 
11 13 23.753398 
11 14 24.453735 
11 15 25.062779 
11 16 25.585840 
11 17 26.027503 
11 18 26.391635 
11 19 26.681404 
11 20 26.899306 
11 21 27.047185 
11 22 27.126255 
11 23 27.137114 
11 24 27.079754 
11 25 26.953568 
11 26 26.757347 
11 27 26.489283 
11 28 26.146975 
11 29 25.727438 
11 30 25.227135 
11 31 24.642044 
11 32 23.967758 
11 33 23.199661 
11 34 22.333189 
11 35 21.364188 
11 36 20.289384 
11 37 19.106958 
11 38 17.817147 
11 39 16.422814 

12 0 3.521001 
12 1 5.633602 
12 2 7.679192 
12 3 9.636644 
12 4 11.489697 
12 5 13.227149 
12 6 14.842490 
12 7 16.333180 
12 8 17.699785 
12 9 18.945114 
12 10 20.073448 
12 11 21.089921 
12 12 22.000038 
12 13 22.809329 
12 14 23.523103 
12 15 24.146297 
12 16 24.683372 
12 17 25.138262 
12 18 25.514343 
12 19 25.814430 
12 20 26.040770 
12 21 26.195056 
12 22 26.278430 
12 23 26.291493 
12 24 26.234313 
12 25 26.106434 
12 26 25.906885 
12 27 25.634189 
12 28 25.286389 
12 29 24.861073 
12 30 24.355433 
12 31 23.766342 
12 32 23.090475 
12 33 22.324483 
12 34 21.465228 
12 35 20.510085 
12 36 19.457313 
12 37 18.306469 
12 38 17.058825 
12 39 15.717733 

13 0 3.309532 
13 1 5.295252 
13 2 7.225122 
13 3 9.081046 
13 4 10.848457 
13 5 12.516555 
13 6 14.078177 
13 7 15.529383 
13 8 16.868899 
13 9 18.097508 
13 10 19.217486 
13 11 20.232090 
13 12 21.145156 
13 13 21.960775 
13 14 22.683052 
13 15 23.315935 
13 16 23.863091 
13 17 24.327829 
13 18 24.713047 
13 19 25.021201 
13 20 25.254289 
13 21 25.413840 
13 22 25.500916 
13 23 25.516114 
13 24 25.459570 
13 25 25.330971 
13 26 25.129569 
13 27 24.854200 
13 28 24.503317 
13 29 24.075032 
13 30 23.567182 
13 31 22.977415 
13 32 22.303317 
13 33 21.542569 
13 34 20.693155 
13 35 19.753612 
13 36 18.723315 
13 37 17.602778 
13 38 16.393951 
13 39 15.100446 

14 0 3.132970 
14 1 5.012752 
14 2 6.844996 
14 3 8.613963 
14 4 10.306528 
14 5 11.912437 
14 6 13.424280 
14 7 14.837278 
14 8 16.148917 
14 9 17.358535 
14 10 18.466896 
14 11 19.475796 
14 12 20.387721 
14 13 21.205564 
14 14 21.932396 
14 15 22.571299 
14 16 23.125226 
14 17 23.596915 
14 18 23.988814 
14 19 24.303040 
14 20 24.541344 
14 21 24.705098 
14 22 24.795281 
14 23 24.812477 
14 24 24.756882 
14 25 24.628311 
14 26 24.426220 
14 27 24.149726 
14 28 23.797648 
14 29 23.368557 
14 30 22.860847 
14 31 22.272820 
14 32 21.602808 
14 33 20.849319 
14 34 20.011211 
14 35 19.087894 
14 36 18.079555 
14 37 16.987379 
14 38 15.813753 
14 39 14.562422 

15 0 2.986118 
15 1 4.777788 
15 2 6.528150 
15 3 8.223281 
15 4 9.851258 
15 5 11.402383 
15 6 12.869229 
15 7 14.246531 
15 8 15.530957 
15 9 16.720820 
15 10 17.815769 
15 11 18.816478 
15 12 19.724369 
15 13 20.541362 
15 14 21.269670 
15 15 21.911638 
15 16 22.469601 
15 17 22.945792 
15 18 23.342255 
15 19 23.660799 
15 20 23.902950 
15 21 24.069929 
15 22 24.162632 
15 23 24.181631 
15 24 24.127169 
15 25 23.999173 
15 26 23.797274 
15 27 23.520835 
15 28 23.168991 
15 29 22.740703 
15 30 22.234828 
15 31 21.650209 
15 32 20.985777 
15 33 20.240690 
15 34 19.414476 
15 35 18.507198 
15 36 17.519633 
15 37 16.453430 
15 38 15.311261 
15 39 14.096924 

16 0 2.865084 
16 1 4.584135 
16 2 6.266532 
16 3 7.899753 
16 4 9.472839 
16 5 10.976607 
16 6 12.403724 
16 7 13.748662 
16 8 15.007558 
16 9 16.178018 
16 10 17.258880 
16 11 18.249979 
16 12 19.151916 
16 13 19.965843 
16 14 20.693286 
16 15 21.335981 
16 16 21.895749 
16 17 22.374394 
16 18 22.773616 
16 19 23.094952 
16 20 23.339729 
16 21 23.509033 
16 22 23.603688 
16 23 23.624247 
16 24 23.570989 
16 25 23.443937 
16 26 23.242868 
16 27 22.967349 
16 28 22.616778 
16 29 22.190435 
16 30 21.687556 
16 31 21.107409 
16 32 20.449401 
16 33 19.713188 
16 34 18.898803 
16 35 18.006791 
16 36 17.038348 
16 37 15.995446 
16 38 14.880937 
16 39 13.698626 

17 0 2.766958 
17 1 4.427133 
17 2 6.054092 
17 3 7.636361 
17 4 9.163738 
17 5 10.627481 
17 6 12.020397 
17 7 13.336833 
17 8 14.572597 
17 9 15.724814 
17 10 16.791754 
17 11 17.772643 
17 12 18.667471 
17 13 19.476810 
17 14 20.201649 
17 15 20.843250 
17 16 21.403022 
17 17 21.882420 
17 18 22.282863 
17 19 22.605663 
17 20 22.851980 
17 21 23.022787 
17 22 23.118841 
17 23 23.140677 
17 24 23.088605 
17 25 22.962718 
17 26 22.762911 
17 27 22.488915 
17 28 22.140335 
17 29 21.716705 
17 30 21.217550 
17 31 20.642471 
17 32 19.991231 
17 33 19.263858 
17 34 18.460756 
17 35 17.582814 
17 36 16.631523 
17 37 15.609069 
17 38 14.518414 
17 39 13.363348 

18 0 2.689593 
18 1 4.303349 
18 2 5.886341 
18 3 7.427861 
18 4 8.918271 
18 5 10.349183 
18 6 11.713549 
18 7 13.005678 
18 8 14.221183 
18 9 15.356886 
18 10 16.410678 
18 11 17.381368 
18 12 18.268515 
18 13 19.072276 
18 14 19.793251 
18 15 20.432347 
18 16 20.990667 
18 17 21.469402 
18 18 21.869752 
18 19 22.192856 
18 20 22.439743 
18 21 22.611293 
18 22 22.708212 
18 23 22.731017 
18 24 22.680037 
18 25 22.555417 
18 26 22.357143 
18 27 22.085066 
18 28 21.738944 
18 29 21.318498 
18 30 20.823468 
18 31 20.253694 
18 32 19.609193 
18 33 18.890258 
18 34 18.097548 
18 35 17.232188 
18 36 16.295861 
18 37 15.290892 
18 38 14.220303 
18 39 13.087854 

19 0 2.631455 
19 1 4.210327 
19 2 5.760064 
19 3 7.270470 
19 4 8.732301 
19 5 10.137431 
19 6 11.478940 
19 7 12.751146 
19 8 13.949571 
19 9 15.070869 
19 10 16.112706 
19 11 17.073634 
19 12 17.952947 
19 13 18.750530 
19 14 19.466730 
19 15 20.102221 
19 16 20.657898 
19 17 21.134770 
19 18 21.533887 
19 19 21.856266 
19 20 22.102843 
19 21 22.274431 
19 22 22.371696 
19 23 22.395142 
19 24 22.345107 
19 25 22.221772 
19 26 22.025179 
19 27 21.755261 
19 28 21.411878 
19 29 20.994874 
19 30 20.504131 
19 31 19.939642 
19 32 19.301591 
19 33 18.590434 
19 34 17.806990 
19 35 16.952527 
19 36 16.028843 
19 37 15.038335 
19 38 13.984050 
19 39 12.869717 

20 0 2.591526 
20 1 4.146442 
20 2 5.673119 
20 3 7.161653 
20 4 8.603033 
20 5 9.989299 
20 6 11.313634 
20 7 12.570394 
20 8 13.755088 
20 9 14.864311 
20 10 15.895641 
20 11 16.847517 
20 12 17.719107 
20 13 18.510167 
20 14 19.220917 
20 15 19.851911 
20 16 20.403932 
20 17 20.877893 
20 18 21.274759 
20 19 21.595478 
20 20 21.840931 
20 21 22.011891 
20 22 22.109000 
20 23 22.132748 
20 24 22.083477 
20 25 21.961385 
20 26 21.766541 
20 27 21.498919 
20 28 21.158434 
20 29 20.744989 
20 30 20.258539 
20 31 19.699153 
20 32 19.067094 
20 33 18.362896 
20 34 17.587451 
20 35 16.742088 
20 36 15.828648 
20 37 14.849553 
20 38 13.807847 
20 39 12.707221 

21 0 2.569246 
21 1 4.110794 
21 2 5.624317 
21 3 7.099990 
21 4 8.528879 
21 5 9.903099 
21 6 11.215902 
21 7 12.461707 
21 8 13.636076 
21 9 14.735648 
21 10 15.758031 
21 11 16.701687 
21 12 17.565795 
21 13 18.350115 
21 14 19.054860 
21 15 19.680574 
21 16 20.228026 
21 17 20.698111 
21 18 21.091778 
21 19 21.409956 
21 20 21.653512 
21 21 21.823204 
21 22 21.919663 
21 23 21.943373 
21 24 21.894670 
21 25 21.773749 
21 26 21.580681 
21 27 21.315441 
21 28 20.977949 
21 29 20.568111 
21 30 20.085883 
21 31 19.531338 
21 32 18.904736 
21 33 18.206606 
21 34 17.437830 
21 35 16.599724 
21 36 15.694110 
21 37 14.723384 
21 38 13.690561 
21 39 12.599302 

22 0 2.564482 
22 1 4.103171 
22 2 5.613366 
22 3 7.085110 
22 4 8.509394 
22 5 9.878317 
22 6 11.185169 
22 7 12.424456 
22 8 13.591863 
22 9 14.684172 
22 10 15.699147 
22 11 16.635406 
22 12 17.492271 
22 13 18.269638 
22 14 18.967833 
22 15 19.587500 
22 16 20.129486 
22 17 20.594749 
22 18 20.984285 
22 19 21.299058 
22 20 21.539955 
22 21 21.707750 
22 22 21.803075 
22 23 21.826411 
22 24 21.778080 
22 25 21.658259 
22 26 21.466992 
22 27 21.204217 
22 28 20.869809 
22 29 20.463621 
22 30 19.985545 
22 31 19.435580 
22 32 18.813905 
22 33 18.120961 
22 34 17.357540 
22 35 16.524868 
22 36 15.624683 
22 37 14.659311 
22 38 13.631713 
22 39 12.545514 

23 0 2.577526 
23 1 4.124042 
23 2 5.640866 
23 3 7.117689 
23 4 8.545271 
23 5 9.915605 
23 6 11.222000 
23 7 12.459085 
23 8 13.622748 
23 9 14.710029 
23 10 15.718982 
23 11 16.648517 
23 12 17.498247 
23 13 18.268331 
23 14 18.959336 
23 15 19.572108 
23 16 20.107667 
23 17 20.567115 
23 18 20.951554 
23 19 21.262034 
23 20 21.499502 
23 21 21.664766 
23 22 21.758478 
23 23 21.781114 
23 24 21.732981 
23 25 21.614216 
23 26 21.424810 
23 27 21.164627 
23 28 20.833449 
23 29 20.431018 
23 30 19.957096 
23 31 19.411532 
23 32 18.794342 
23 33 18.105794 
23 34 17.346502 
23 35 16.517524 
23 36 15.620445 
23 37 14.657465 
23 38 13.631463 
23 39 12.546030 

24 0 2.609128 
24 1 4.174604 
24 2 5.708367 
24 3 7.199510 
24 4 8.638395 
24 5 10.016831 
24 6 11.328141 
24 7 12.567135 
24 8 13.730014 
24 9 14.814215 
24 10 15.818233 
24 11 16.741434 
24 12 17.583869 
24 13 18.346104 
24 14 19.029070 
24 15 19.633928 
24 16 20.161962 
24 17 20.614488 
24 18 20.992782 
24 19 21.298024 
24 20 21.531252 
24 21 21.693336 
24 22 21.784954 
24 23 21.806588 
24 24 21.758513 
24 25 21.640816 
24 26 21.453403 
24 27 21.196032 
24 28 20.868342 
24 29 20.469907 
24 30 20.000290 
24 31 19.459111 
24 32 18.846136 
24 33 18.161369 
24 34 17.405152 
24 35 16.578280 
24 36 15.682106 
24 37 14.718642 
24 38 13.690644 
24 39 12.601661 

25 0 2.660550 
25 1 4.256881 
25 2 5.818488 
25 3 7.333587 
25 4 8.791969 
25 5 10.185185 
25 6 11.506598 
25 7 12.751302 
25 8 13.915959 
25 9 14.998583 
25 10 15.998301 
25 11 16.915116 
25 12 17.749690 
25 13 18.503148 
25 14 19.176913 
25 15 19.772572 
25 16 20.291764 
25 17 20.736093 
25 18 21.107064 
25 19 21.406027 
25 20 21.634146 
25 21 21.792370 
25 22 21.881417 
25 23 21.901769 
25 24 21.853669 
25 25 21.737131 
25 26 21.551956 
25 27 21.297754 
25 28 20.973980 
25 29 20.579979 
25 30 20.115044 
25 31 19.578485 
25 32 18.969724 
25 33 18.288394 
25 34 17.534457 
25 35 16.708338 
25 36 15.811056 
25 37 14.844354 
25 38 13.810810 
25 39 12.713915 

26 0 2.733675 
26 1 4.373880 
26 2 5.975117 
26 3 7.524384 
26 4 9.010707 
26 5 10.425342 
26 6 11.761764 
26 7 13.015515 
26 8 14.183937 
26 9 15.265858 
26 10 16.261271 
26 11 17.171040 
26 12 17.996627 
26 13 18.739883 
26 14 19.402861 
26 15 19.987683 
26 16 20.496428 
26 17 20.931057 
26 18 21.293352 
26 19 21.584874 
26 20 21.806935 
26 21 21.960580 
26 22 22.046575 
26 23 22.065401 
26 24 22.017262 
26 25 21.902083 
26 26 21.719535 
26 27 21.469048 
26 28 21.149846 
26 29 20.760987 
26 30 20.301420 
26 31 19.770062 
26 32 19.165882 
26 33 18.488025 
26 34 17.735944 
26 35 16.909560 
26 36 16.009427 
26 37 15.036908 
26 38 13.994327 
26 39 12.885084 

27 0 2.831155 
27 1 4.529847 
27 2 6.183715 
27 3 7.778123 
27 4 9.301136 
27 5 10.743710 
27 6 12.099600 
27 7 13.365058 
27 8 14.538416 
27 9 15.619639 
27 10 16.609888 
27 11 17.511144 
27 12 18.325897 
27 13 19.056896 
27 14 19.706967 
27 15 20.278870 
27 16 20.775209 
27 17 21.198356 
27 18 21.550414 
27 19 21.833182 
27 20 22.048141 
27 21 22.196442 
27 22 22.278901 
27 23 22.296001 
27 24 22.247893 
27 25 22.134406 
27 26 21.955054 
27 27 21.709058 
27 28 21.395368 
27 29 21.012701 
27 30 20.559590 
27 31 20.034459 
27 32 19.435716 
27 33 18.761880 
27 34 18.011736 
27 35 17.184529 
27 36 16.280183 
27 37 15.299524 
27 38 14.244506 
27 39 13.118381 

28 0 2.956650 
28 1 4.730640 
28 2 6.451772 
28 3 8.103258 
28 4 9.672004 
28 5 11.148763 
28 6 12.527869 
28 7 13.806699 
28 8 14.985031 
28 9 16.064395 
28 10 17.047496 
28 11 17.937752 
28 12 18.738919 
28 13 19.454838 
28 14 20.089239 
28 15 20.645623 
28 16 21.127180 
28 17 21.536744 
28 18 21.876764 
28 19 22.149299 
28 20 22.356005 
28 21 22.498145 
28 22 22.576586 
28 23 22.591807 
28 24 22.543904 
28 25 22.432592 
28 26 22.257217 
28 27 22.016762 
28 28 21.709868 
28 29 21.334858 
28 30 20.889779 
28 31 20.372469 
28 32 19.780645 
28 33 19.112042 
28 34 18.364589 
28 35 17.536639 
28 36 16.627251 
28 37 15.636500 
28 38 14.565792 
28 39 13.418134 

29 0 3.115182 
29 1 4.984291 
29 2 6.789476 
29 3 8.511132 
29 4 10.134858 
29 5 11.651470 
29 6 13.056412 
29 7 14.348839 
29 8 15.530615 
29 9 16.605412 
29 10 17.577952 
29 11 18.453447 
29 12 19.237191 
29 13 19.934298 
29 14 20.549529 
29 15 21.087203 
29 16 21.551145 
29 17 21.944674 
29 18 22.270602 
29 19 22.531244 
29 20 22.728436 
29 21 22.863546 
29 22 22.937490 
29 23 22.950739 
29 24 22.903323 
29 25 22.794842 
29 26 22.624459 
29 27 22.390905 
29 28 22.092484 
29 29 21.727083 
29 30 21.292201 
29 31 20.784992 
29 32 20.202353 
29 33 19.541055 
29 34 18.797938 
29 35 17.970187 
29 36 17.055683 
29 37 16.053433 
29 38 14.964027 
29 39 13.790059 

30 0 3.313667 
30 1 5.301867 
30 2 7.210708 
30 3 9.016937 
30 4 10.704825 
30 5 12.265846 
30 6 13.697473 
30 7 15.001628 
30 8 16.183179 
30 9 17.248685 
30 10 18.205453 
30 11 19.060892 
30 12 19.822101 
30 13 20.495633 
30 14 21.087377 
30 15 21.602514 
30 16 22.045524 
30 17 22.420206 
30 18 22.729724 
30 19 22.976639 
30 20 23.162948 
30 21 23.290114 
30 22 23.359091 
30 23 23.370334 
30 24 23.323809 
30 25 23.218994 
30 26 23.054871 
30 27 22.829914 
30 28 22.542079 
30 29 22.188791 
30 30 21.766949 
30 31 21.272944 
30 32 20.702719 
30 33 20.051886 
30 34 19.315923 
30 35 18.490488 
30 36 17.571861 
30 37 16.557522 
30 38 15.446824 
30 39 14.241659 

31 0 3.561752 
31 1 5.698803 
31 2 7.734553 
31 3 9.641081 
31 4 11.401659 
31 5 13.009617 
31 6 14.466005 
31 7 15.777021 
31 8 16.951789 
31 9 18.000696 
31 10 18.934283 
31 11 19.762566 
31 12 20.494687 
31 13 21.138756 
31 14 21.701830 
31 15 22.189954 
31 16 22.608229 
31 17 22.960903 
31 18 23.251450 
31 19 23.482639 
31 20 23.656602 
31 21 23.774873 
31 22 23.838426 
31 23 23.847696 
31 24 23.802584 
31 25 23.702455 
31 26 23.546117 
31 27 23.331802 
31 28 23.057126 
31 29 22.719054 
31 30 22.313861 
31 31 21.837116 
31 32 21.283694 
31 33 20.647846 
31 34 19.923379 
31 35 19.103981 
31 36 18.183751 
31 37 17.157970 
31 38 16.024087 
31 39 14.782790 

32 0 3.873149 
32 1 6.197038 
32 2 8.387621 
32 3 10.411177 
32 4 12.251113 
32 5 13.904958 
32 6 15.379909 
32 7 16.688662 
32 8 17.846258 
32 9 18.868029 
32 10 19.768416 
32 11 20.560404 
32 12 21.255324 
32 13 21.862874 
32 14 22.391236 
32 15 22.847241 
32 16 23.236535 
32 17 23.563728 
32 18 23.832532 
32 19 24.045867 
32 20 24.205948 
32 21 24.314348 
32 22 24.372044 
32 23 24.379440 
32 24 24.336378 
32 25 24.242123 
32 26 24.095341 
32 27 23.894052 
32 28 23.635571 
32 29 23.316436 
32 30 22.932323 
32 31 22.477967 
32 32 21.947095 
32 33 21.332426 
32 34 20.625767 
32 35 19.818305 
32 36 18.901190 
32 37 17.866521 
32 38 16.708766 
32 39 15.426513 

33 0 4.267863 
33 1 6.828581 
33 2 9.207714 
33 3 11.364892 
33 4 13.286659 
33 5 14.979193 
33 6 16.460011 
33 7 17.751459 
33 8 18.876553 
33 9 19.856745 
33 10 20.710949 
33 11 21.455310 
33 12 22.103333 
33 13 22.666179 
33 14 23.152997 
33 15 23.571240 
33 16 23.926941 
33 17 24.224942 
33 18 24.469084 
33 19 24.662350 
33 20 24.806975 
33 21 24.904528 
33 22 24.955961 
33 23 24.961643 
33 24 24.921364 
33 25 24.834319 
33 26 24.699072 
33 27 24.513492 
33 28 24.274669 
33 29 23.978796 
33 30 23.621030 
33 31 23.195332 
33 32 22.694293 
33 33 22.108997 
33 34 21.428958 
33 35 20.642282 
33 36 19.736185 
33 37 18.698156 
33 38 17.517943 
33 39 16.190393 

34 0 4.776067 
34 1 7.641708 
34 2 10.249764 
34 3 12.554017 
34 4 14.551437 
34 5 16.265144 
34 6 17.729485 
34 7 18.980609 
34 8 20.051750 
34 9 20.971448 
34 10 21.763327 
34 11 22.446553 
34 12 23.036517 
34 13 23.545512 
34 14 23.983335 
34 15 24.357783 
34 16 24.675046 
34 17 24.940014 
34 18 25.156511 
34 19 25.327473 
34 20 25.455075 
34 21 25.540827 
34 22 25.585629 
34 23 25.589807 
34 24 25.553116 
34 25 25.474717 
34 26 25.353135 
34 27 25.186177 
34 28 24.970818 
34 29 24.703048 
34 30 24.377670 
34 31 23.988037 
34 32 23.525750 
34 33 22.980308 
34 34 22.338788 
34 35 21.585678 
34 36 20.703113 
34 37 19.671976 
34 38 18.474457 
34 39 17.098576 

35 0 5.445261 
35 1 8.712418 
35 2 11.595618 
35 3 14.049975 
35 4 16.099927 
35 5 17.800463 
35 6 19.212173 
35 7 20.389742 
35 8 21.378391 
35 9 22.213970 
35 10 22.924356 
35 11 23.531060 
35 12 24.050671 
35 13 24.496016 
35 14 24.877046 
35 15 25.201509 
35 16 25.475446 
35 17 25.703557 
35 18 25.889475 
35 19 26.035955 
35 20 26.145025 
35 21 26.218075 
35 22 26.255921 
35 23 26.258842 
35 24 26.226575 
35 25 26.158299 
35 26 26.052575 
35 27 25.907262 
35 28 25.719376 
35 29 25.484909 
35 30 25.198563 
35 31 24.853397 
35 32 24.440362 
35 33 23.947697 
35 34 23.360209 
35 35 22.658528 
35 36 21.818613 
35 37 20.812178 
35 38 19.609334 
35 39 18.185294 

36 0 6.354429 
36 1 10.167087 
36 2 13.370312 
36 3 15.950340 
36 4 17.997834 
36 5 19.624608 
36 6 20.929004 
36 7 21.987797 
36 8 22.858100 
36 9 23.581687 
36 10 24.189067 
36 11 24.702658 
36 12 25.139092 
36 13 25.510836 
36 14 25.827326 
36 15 26.095763 
36 16 26.321672 
36 17 26.509295 
36 18 26.661874 
36 19 26.781849 
36 20 26.870996 
36 21 26.930526 
36 22 26.961140 
36 23 26.963063 
36 24 26.936043 
36 25 26.879327 
36 26 26.791606 
36 27 26.670919 
36 28 26.514517 
36 29 26.318650 
36 30 26.078275 
36 31 25.786627 
36 32 25.434604 
36 33 25.009907 
36 34 24.495822 
36 35 23.869614 
36 36 23.100633 
36 37 22.148788 
36 38 20.965406 
36 39 19.501182 

37 0 7.644492 
37 1 12.231187 
37 2 15.768205 
37 3 18.383238 
37 4 20.316460 
37 5 21.771131 
37 6 22.891436 
37 7 23.774341 
37 8 24.484526 
37 9 25.065611 
37 10 25.547566 
37 11 25.951414 
37 12 26.292204 
37 13 26.580909 
37 14 26.825657 
37 15 27.032544 
37 16 27.206183 
37 17 27.350077 
37 18 27.466879 
37 19 27.558570 
37 20 27.626584 
37 21 27.671892 
37 22 27.695050 
37 23 27.696228 
37 24 27.675207 
37 25 27.631361 
37 26 27.563601 
37 27 27.470292 
37 28 27.349121 
37 29 27.196899 
37 30 27.009262 
37 31 26.780230 
37 32 26.501521 
37 33 26.161506 
37 34 25.743558 
37 35 25.223472 
37 36 24.565517 
37 37 23.716936 
37 38 22.602321 
37 39 21.125679 

38 0 9.590602 
38 1 15.344963 
38 2 19.088084 
38 3 21.497946 
38 4 23.113638 
38 5 24.252020 
38 6 25.091269 
38 7 25.733605 
38 8 26.240051 
38 9 26.648665 
38 10 26.984172 
38 11 27.263227 
38 12 27.497400 
38 13 27.694940 
38 14 27.861850 
38 15 28.002574 
38 16 28.120439 
38 17 28.217951 
38 18 28.296994 
38 19 28.358967 
38 20 28.404878 
38 21 28.435408 
38 22 28.450941 
38 23 28.451590 
38 24 28.437197 
38 25 28.407309 
38 26 28.361145 
38 27 28.297526 
38 28 28.214777 
38 29 28.110562 
38 30 27.981645 
38 31 27.823509 
38 32 27.629744 
38 33 27.391039 
38 34 27.093434 
38 35 26.715197 
38 36 26.221028 
38 37 25.551117 
38 38 24.601263 
38 39 23.194050 

39 0 12.793738 
39 1 20.469981 
39 2 23.741222 
39 3 25.406823 
39 4 26.388125 
39 5 27.032040 
39 6 27.488017 
39 7 27.828757 
39 8 28.093409 
39 9 28.304826 
39 10 28.477230 
39 11 28.619922 
39 12 28.739230 
39 13 28.839599 
39 14 28.924228 
39 15 28.995463 
39 16 29.055049 
39 17 29.104295 
39 18 29.144178 
39 19 29.175425 
39 20 29.198556 
39 21 29.213919 
39 22 29.221714 
39 23 29.221997 
39 24 29.214682 
39 25 29.199533 
39 26 29.176142 
39 27 29.143892 
39 28 29.101899 
39 29 29.048927 
39 30 28.983247 
39 31 28.902416 
39 32 28.802908 
39 33 28.679472 
39 34 28.523940 
39 35 28.322854 
39 36 28.052281 
39 37 27.665241 
39 38 27.057566 
39 39 25.963758 


